535
0 1 20.66894530449002
0 23 28.525744512632798
1 0 20.66894530449002
1 2 47.03894662936236
2 1 47.03894662936236
2 3 57.457766228770154
2 25 200.1267780683035
3 2 57.457766228770154
3 4 106.9420857286784
4 3 106.9420857286784
4 5 106.65675506033361
4 27 111.8764179798406
5 4 106.65675506033361
5 6 105.48543880555268
6 5 105.48543880555268
6 7 99.96704757068703
6 29 115.8413367498839
7 6 99.96704757068703
7 8 26.72204333504457
8 7 26.72204333504457
8 9 55.553456238113576
8 31 43.656809319967486
9 8 55.553456238113576
9 10 7.619691594808814
10 9 7.619691594808814
10 11 104.51416171983583
10 33 109.0330156420522
11 10 104.51416171983583
11 12 161.2626063289317
12 11 161.2626063289317
12 13 33.91737165524475
12 35 33.575422558770576
13 12 33.91737165524475
13 14 25.958129747730286
14 13 25.958129747730286
14 15 13.08974025716324
14 37 69.9901000142163
15 14 13.08974025716324
15 16 12.804756928579316
16 15 12.804756928579316
16 17 13.601249942560427
16 39 34.01049837917698
17 16 13.601249942560427
17 18 183.64191705599242
18 17 183.64191705599242
18 19 190.29074727899936
18 41 146.51137020723
19 18 190.29074727899936
19 20 3.8863093031821334
20 19 3.8863093031821334
20 21 34.01141279041492
20 43 81.86822399441678
21 20 34.01141279041492
21 22 138.56339523842507
22 21 138.56339523842507
22 45 148.530323503317
23 24 37.32876772678145
23 46 34.886839925679716
24 1 7.022599233901933
24 23 37.32876772678145
24 25 154.30803251937343
25 24 154.30803251937343
25 26 183.26903966573295
25 48 79.61509907046528
26 3 49.78531209101737
26 25 183.26903966573295
26 27 30.405073589781026
27 26 30.405073589781026
27 28 74.03447440213242
27 50 17.232309769731973
28 5 71.59346408716371
28 27 74.03447440213242
28 29 79.1818173572696
29 28 79.1818173572696
29 30 25.89448203768517
29 52 13.26950262820728
30 7 42.54024565044259
30 29 25.89448203768517
30 31 34.719615493262594
31 30 34.719615493262594
31 32 48.94409157395814
31 54 24.472319056435985
32 9 6.590371764931019
32 31 48.94409157395814
32 33 103.9944325432857
33 32 103.9944325432857
33 34 102.14737784201806
33 56 109.6003508206064
34 11 120.78034484136894
34 33 102.14737784201806
34 35 16.625958618978935
35 34 16.625958618978935
35 36 107.82721780700827
35 58 124.67701953447555
36 13 99.45004172950357
36 35 107.82721780700827
36 37 25.538903656970085
37 36 25.538903656970085
37 38 124.86410893447325
37 60 10.73553445339356
38 15 48.84656077964957
38 37 124.86410893447325
38 39 26.78589367558977
39 38 26.78589367558977
39 40 22.449100204685266
39 62 99.29715655546235
40 17 44.6370037076863
40 39 22.449100204685266
40 41 14.134843472780304
41 40 14.134843472780304
41 42 126.4155073557038
41 64 41.08898879261937
42 19 76.06580835040143
42 41 126.4155073557038
42 43 28.691659066704386
43 42 28.691659066704386
43 44 34.651933567984344
43 66 84.17617834043074
44 21 103.56853769364517
44 43 34.651933567984344
44 45 100.81709031706876
45 44 100.81709031706876
45 68 157.37400452425427
46 47 67.07117488161364
46 69 3.9707555956014224
47 24 71.71370859187245
47 46 67.07117488161364
47 48 12.291285530814097
48 47 12.291285530814097
48 49 89.98760636887725
48 71 111.01856826675437
49 26 14.86263772013568
49 48 89.98760636887725
49 50 4.865634593760615
50 49 4.865634593760615
50 51 38.00069473049144
50 73 42.74173838299046
51 28 96.10278507930975
51 50 38.00069473049144
51 52 26.87647670361575
52 51 26.87647670361575
52 53 21.380816167770583
52 75 15.196973382881211
53 30 31.603813061084892
53 52 21.380816167770583
53 54 17.94604413234293
54 53 17.94604413234293
54 55 68.18616061929282
54 77 74.5849267613772
55 32 49.32875023756429
55 54 68.18616061929282
55 56 61.80296513922289
56 55 61.80296513922289
56 57 46.403177692912365
56 79 132.50194413668052
57 34 49.39623669876077
57 56 46.403177692912365
57 58 96.94222248329156
58 57 96.94222248329156
58 59 123.54496549839658
58 81 41.24027764213039
59 36 106.69898218821021
59 58 123.54496549839658
59 60 78.10731143753445
60 59 78.10731143753445
60 61 79.82770070595795
60 83 131.9569342626601
61 38 60.87076966820774
61 60 79.82770070595795
61 62 75.28315216567383
62 61 75.28315216567383
62 63 113.20938653662955
62 85 3.3701038559664585
63 40 9.362585113097772
63 62 113.20938653662955
63 64 36.99077722892559
64 63 36.99077722892559
64 65 96.44697869814274
64 87 8.4223096594699
65 42 11.588589215258253
65 64 96.44697869814274
65 66 87.082402929639
66 65 87.082402929639
66 67 14.633905835422068
66 89 1.3159027319676793
67 44 84.90324905443842
67 66 14.633905835422068
67 68 117.70215843390469
68 67 117.70215843390469
68 91 86.13984211733849
69 70 33.639430732400925
69 92 9.550628251586385
70 47 51.64591464966034
70 69 33.639430732400925
70 71 48.450057791503205
71 70 48.450057791503205
71 72 73.11221854108929
71 94 51.44913215983337
72 49 87.03200388362892
72 71 73.11221854108929
72 73 108.38631509558759
73 72 108.38631509558759
73 74 46.33482167873315
73 96 76.55559091274785
74 51 52.66176316835584
74 73 46.33482167873315
74 75 11.31470282420179
75 74 11.31470282420179
75 76 73.43807527434252
75 98 10.367960262269529
76 53 75.45981712143225
76 75 73.43807527434252
76 77 51.15107819000495
77 76 51.15107819000495
77 78 47.727782265678336
77 100 60.2418890806057
78 55 70.40713742228127
78 77 47.727782265678336
78 79 111.05509128356071
79 78 111.05509128356071
79 80 169.4230589382685
79 102 64.24439041659592
80 57 11.419991243429218
80 79 169.4230589382685
80 81 83.85822559534634
81 80 83.85822559534634
81 82 85.95614521370767
81 104 97.85036126657889
82 59 50.29955566404141
82 81 85.95614521370767
82 83 80.42174643714225
83 82 80.42174643714225
83 84 75.58744670909317
83 106 79.60838209635968
84 61 11.466830425187247
84 83 75.58744670909317
84 85 88.79443676267113
85 84 88.79443676267113
85 86 80.21176035968791
85 108 32.163763772295056
86 63 40.83194460223515
86 85 80.21176035968791
86 87 14.375068695488034
87 86 14.375068695488034
87 88 10.677537169216503
87 110 21.030739406877736
88 65 94.67611419993958
88 87 10.677537169216503
88 89 10.760116170376604
89 88 10.760116170376604
89 90 6.684496989302936
89 112 11.968575520921446
90 67 9.61270513435214
90 89 6.684496989302936
90 91 83.9720739293725
91 90 83.9720739293725
91 114 86.69095742924979
92 93 8.841866318826584
92 115 3.178332896346764
93 70 47.70233746893332
93 92 8.841866318826584
93 94 3.1319802042797136
94 93 3.1319802042797136
94 95 112.63346971482322
94 117 8.923463453166605
95 72 165.7925933206909
95 94 112.63346971482322
95 96 79.6088261438391
96 95 79.6088261438391
96 97 104.454660499185
96 119 3.3892329515688435
97 74 20.299766008503646
97 96 104.454660499185
97 98 24.49940815611675
98 97 24.49940815611675
98 99 54.99802541910028
98 121 9.462013527785723
99 76 64.45634879513422
99 98 54.99802541910028
99 100 43.7289617987896
100 99 43.7289617987896
100 101 23.981344833015516
100 123 77.42997933617185
101 78 25.15358622542718
101 100 23.981344833015516
101 102 82.21597959034484
102 101 82.21597959034484
102 103 120.99240472029639
102 125 120.93333783535455
103 80 13.166237123795092
103 102 120.99240472029639
103 104 53.891923328083216
104 103 53.891923328083216
104 105 76.37126292002772
104 127 56.06499085882383
105 82 68.45191377894412
105 104 76.37126292002772
105 106 70.76721345368912
106 105 70.76721345368912
106 107 172.7100532684765
106 129 45.96891123357176
107 84 169.3326090863777
107 106 172.7100532684765
107 108 220.46679251079968
108 107 220.46679251079968
108 109 155.32656083233158
108 131 95.64113184190158
109 86 85.47077687724618
109 108 155.32656083233158
109 110 94.39122681690284
110 109 94.39122681690284
110 111 4.956863927928627
110 133 85.3061973129737
111 88 5.545493666031907
111 110 4.956863927928627
111 112 7.08801805866774
112 111 7.08801805866774
112 113 7.069830266703721
112 135 11.339281282338842
113 90 6.818357573492315
113 112 7.069830266703721
113 114 20.640457843759187
114 113 20.640457843759187
114 137 103.75037783063732
115 116 95.05041714795365
115 138 92.01023964755227
116 93 103.87419795117553
116 115 95.05041714795365
116 117 99.90006056054222
117 116 99.90006056054222
117 118 41.17052950837528
117 140 94.20567392678639
118 95 62.78193529989339
118 117 41.17052950837528
118 119 75.24166199652956
119 118 75.24166199652956
119 120 38.35241452633719
119 142 126.9608207282861
120 97 110.23437621722182
120 119 38.35241452633719
120 121 93.29563441019093
121 120 93.29563441019093
121 122 153.89990578294714
121 144 29.26760154163645
122 99 132.38967218027244
122 121 153.89990578294714
122 123 74.62588357935871
123 122 74.62588357935871
123 124 165.8716063707107
123 146 70.7631952359417
124 101 114.7132076092374
124 123 165.8716063707107
124 125 75.99663479391704
125 124 75.99663479391704
125 126 20.80402364928477
125 148 69.87054458067433
126 103 20.760828499845573
126 125 20.80402364928477
126 127 21.418856178610472
127 126 21.418856178610472
127 128 28.504434742685216
127 150 132.90526701376436
128 105 66.18722686440337
128 127 28.504434742685216
128 129 39.264646948622875
129 128 39.264646948622875
129 130 50.198916322964585
129 152 51.860769373390525
130 107 164.00062957196232
130 129 50.198916322964585
130 131 89.15011721809455
131 130 89.15011721809455
131 132 70.93773325952839
131 154 67.56228311713569
132 109 74.72847516174807
132 131 70.93773325952839
132 133 94.30091515992831
133 132 94.30091515992831
133 134 224.44111232125007
133 156 84.97090796266686
134 111 162.31261103192196
134 133 224.44111232125007
134 135 144.64366768026863
135 134 144.64366768026863
135 136 89.74028526810018
135 158 36.977691923645
136 113 76.04855554183787
136 135 89.74028526810018
136 137 31.171746823044753
137 136 31.171746823044753
137 160 204.89153618439198
138 139 81.99421016144981
138 161 98.40060009979614
139 116 84.96975285358903
139 138 81.99421016144981
139 140 80.99200577834827
140 139 80.99200577834827
140 141 171.35317359185385
140 163 13.22970143276106
141 118 104.55780410854085
141 140 171.35317359185385
141 142 48.48453052263165
142 141 48.48453052263165
142 143 140.26622009593046
142 165 62.304122656530524
143 120 35.573096575923785
143 142 140.26622009593046
143 144 132.82211751060137
144 143 132.82211751060137
144 145 39.879123611232984
144 167 20.553396313018442
145 122 108.40148799716728
145 144 39.879123611232984
145 146 53.175168076838276
146 145 53.175168076838276
146 147 72.98283702350848
146 169 14.294082691799428
147 124 133.2447991480343
147 146 72.98283702350848
147 148 127.32578764727907
148 147 127.32578764727907
148 149 154.42524728812964
148 171 83.2338879303376
149 126 72.58302418610015
149 148 154.42524728812964
149 150 181.9401396064101
150 149 181.9401396064101
150 151 10.85007373246837
150 173 104.15947964539761
151 128 96.91772851238312
151 150 10.85007373246837
151 152 146.47554608193136
152 151 146.47554608193136
152 153 49.704149726154654
152 175 22.043096424958087
153 130 11.012706297727187
153 152 49.704149726154654
153 154 14.677397589491123
154 153 14.677397589491123
154 155 33.687353710257504
154 177 84.85101590434849
155 132 39.58641812541266
155 154 33.687353710257504
155 156 28.6964544848314
156 155 28.6964544848314
156 157 25.709799688056695
156 179 77.92504411291661
157 134 124.43063650082321
157 156 25.709799688056695
157 158 21.939298074459906
158 157 21.939298074459906
158 159 56.60760726262858
158 181 60.09982445897825
159 136 78.0511300366625
159 158 56.60760726262858
159 160 128.6500248736859
160 159 128.6500248736859
160 183 124.8639779920534
161 162 133.0929468454283
161 184 9.679059871702414
162 139 147.95482317248062
162 161 133.0929468454283
162 163 220.64862949948275
163 162 220.64862949948275
163 164 0.11045361017187186
163 186 129.40475570859056
164 141 174.4419745932727
164 163 0.11045361017187186
164 165 77.85962047171819
165 164 77.85962047171819
165 166 12.772161132713604
165 188 19.842021066413572
166 143 104.6390486386416
166 165 12.772161132713604
166 167 55.25941458249445
167 166 55.25941458249445
167 168 34.0184949696485
167 190 43.01100440584944
168 145 9.491743780781274
168 167 34.0184949696485
168 169 53.28855880956061
169 168 53.28855880956061
169 170 12.642092390106948
169 192 7.951075398963337
170 147 91.60942418768934
170 169 12.642092390106948
170 171 9.481165540164353
171 170 9.481165540164353
171 172 113.1343281236955
171 194 29.67427336936829
172 149 183.2569030077721
172 171 113.1343281236955
172 173 107.05391772373396
173 172 107.05391772373396
173 174 8.417184802533447
173 196 78.06431322954171
174 151 103.48251688087221
174 173 8.417184802533447
174 175 28.15627816313797
175 174 28.15627816313797
175 176 49.400004048582836
175 198 29.728858033903688
176 153 77.67243655248623
176 175 49.400004048582836
176 177 156.50034792293593
177 176 156.50034792293593
177 178 71.55503406469735
177 200 70.12010339410517
178 155 38.63525074333024
178 177 71.55503406469735
178 179 101.22158761845222
179 178 101.22158761845222
179 180 133.2362431923086
179 202 101.92386619433155
180 157 183.4781758139098
180 179 133.2362431923086
180 181 142.60278854215997
181 180 142.60278854215997
181 182 59.6322203175431
181 204 17.634738444331973
182 159 66.40112197847263
182 181 59.6322203175431
182 183 72.88590878901078
183 182 72.88590878901078
183 206 19.661335153035765
184 185 78.02244612930308
184 207 16.222478232378677
185 162 193.35839883490968
185 184 78.02244612930308
185 186 108.51388897279463
186 185 108.51388897279463
186 187 48.58781431593729
186 209 49.14294455972291
187 164 108.83744989662335
187 186 48.58781431593729
187 188 47.89924842834175
188 187 47.89924842834175
188 189 42.67308285090263
188 211 5.703069349043547
189 166 47.061926224922
189 188 42.67308285090263
189 190 43.48086590674109
190 189 43.48086590674109
190 191 11.200803542603543
190 213 12.500015999989763
191 168 55.41810624696589
191 190 11.200803542603543
191 192 6.964194138592064
192 191 6.964194138592064
192 193 67.00839499644802
192 215 20.383731258040072
193 170 82.54544263616253
193 192 67.00839499644802
193 194 64.0766423901877
194 193 64.0766423901877
194 195 27.977683964188316
194 217 134.04389504934568
195 172 107.39786636614342
195 194 27.977683964188316
195 196 78.71736784217319
196 195 78.71736784217319
196 197 74.3544726294256
196 219 55.82484930566316
197 174 13.649146493462514
197 196 74.3544726294256
197 198 9.325502667416915
198 197 9.325502667416915
198 199 35.56269112426673
198 221 173.0338880104126
199 176 73.94701075770408
199 198 35.56269112426673
199 200 71.07142463747297
200 199 71.07142463747297
200 201 87.1754122445085
200 223 69.95512347212318
201 178 5.179430470621268
201 200 87.1754122445085
201 202 13.985049159727687
202 201 13.985049159727687
202 203 52.59762161923293
202 225 7.79297119204222
203 180 197.46666452847174
203 202 52.59762161923293
203 204 49.651289006429636
204 203 49.651289006429636
204 205 16.328652730706228
204 227 22.84128061208478
205 182 69.35358245974032
205 204 16.328652730706228
205 206 22.330651580283096
206 205 22.330651580283096
206 229 88.65487521845597
207 208 21.180769579975134
207 230 32.1489035582864
208 185 82.95547058512778
208 207 21.180769579975134
208 209 15.90487346695974
209 208 15.90487346695974
209 210 97.4084524053226
209 232 49.25887737251023
210 187 107.2006590464816
210 209 97.4084524053226
210 211 101.50010886693667
211 210 101.50010886693667
211 212 98.25219030637433
211 234 79.73831262323024
212 189 67.22871187223507
212 211 98.25219030637433
212 213 104.25065659265654
213 212 104.25065659265654
213 214 1.2435433245367864
213 236 113.28514907082923
214 191 3.7476926234684718
214 213 1.2435433245367864
214 215 16.09200111856819
215 214 16.09200111856819
215 216 24.995619616244756
215 238 64.49858990706696
216 193 56.37216777807999
216 215 24.995619616244756
216 217 95.53093739726415
217 216 95.53093739726415
217 218 10.24657015786258
217 240 113.66173014695843
218 195 119.24690520093174
218 217 10.24657015786258
218 219 108.42188432230829
219 218 108.42188432230829
219 220 133.42788988813396
219 242 42.96705365742455
220 197 122.64502598964216
220 219 133.42788988813396
220 221 297.3459214450402
221 220 297.3459214450402
221 222 62.83267462077356
221 244 277.7223397568154
222 199 105.49950142062283
222 221 62.83267462077356
222 223 20.12462422009415
223 222 20.12462422009415
223 224 4.674409053559606
223 246 236.9638210782397
224 201 75.34738018006995
224 223 4.674409053559606
224 225 79.9190571766209
225 224 79.9190571766209
225 226 98.88413674599177
225 248 21.58711189575854
226 203 144.4221329990663
226 225 98.88413674599177
226 227 127.85221664093274
227 226 127.85221664093274
227 228 113.66200508525266
227 250 59.2300008441668
228 205 110.05869888382291
228 227 113.66200508525266
228 229 72.29375145889166
229 228 72.29375145889166
229 252 134.14678005826303
230 231 2.790788419067271
230 253 51.443488412042974
231 208 14.770054163746321
231 230 2.790788419067271
231 232 20.714181132740922
232 231 20.714181132740922
232 233 49.75184921186347
232 255 154.91285195231544
233 210 94.81341729945187
233 232 49.75184921186347
233 234 71.87459982497292
234 233 71.87459982497292
234 235 120.12550145576917
234 257 73.25806781508777
235 212 123.36212263089509
235 234 120.12550145576917
235 236 65.75929211906102
236 235 65.75929211906102
236 237 80.86958451729551
236 259 97.467723888475
237 214 81.50652795942176
237 236 80.86958451729551
237 238 24.296347462118664
238 237 24.296347462118664
238 239 120.05283170337965
238 261 58.90647927011086
239 216 99.06416556959434
239 238 120.05283170337965
239 240 88.25318691129516
240 239 88.25318691129516
240 241 64.77339114173351
240 263 26.648664131622056
241 218 46.61139882046022
241 240 64.77339114173351
241 242 96.05197863656949
242 241 96.05197863656949
242 243 83.65483488717194
242 265 36.64990723044194
243 220 115.43973536005703
243 242 83.65483488717194
243 244 93.21145047685934
244 243 93.21145047685934
244 245 53.125571996920655
244 267 194.53573065120966
245 222 162.44851307414297
245 244 53.125571996920655
245 246 93.52900085000374
246 245 93.52900085000374
246 247 233.121933116556
246 269 160.45890190325994
247 224 25.585505662386275
247 246 233.121933116556
247 248 101.30154293000675
248 247 101.30154293000675
248 249 36.99696879475398
248 271 19.77828354534336
249 226 133.48737917870739
249 248 36.99696879475398
249 250 54.24754095809321
250 249 54.24754095809321
250 251 29.18848574352565
250 273 167.01128404991084
251 228 158.20196743403667
251 250 29.18848574352565
251 252 59.729933869040906
252 251 59.729933869040906
252 275 57.42303109380416
253 254 81.93259302621881
253 276 54.65189109262368
254 231 97.73030338641132
254 253 81.93259302621881
254 255 54.879070691840255
255 254 54.879070691840255
255 256 4.0091021438721075
255 278 129.76536517884884
256 233 117.15920493072663
256 255 4.0091021438721075
256 257 118.54249913005883
257 256 118.54249913005883
257 258 6.148105399226663
257 280 47.392794811025865
258 235 55.26890083944134
258 257 6.148105399226663
258 259 48.81164307826566
259 258 48.81164307826566
259 260 41.896532076056126
259 282 79.11469206158866
260 237 60.82526530973786
260 259 41.896532076056126
260 261 34.46755720964281
261 260 34.46755720964281
261 262 34.329772792723226
261 284 37.02786248219035
262 239 104.57990342317208
262 261 34.329772792723226
262 263 39.713882963014335
263 262 39.713882963014335
263 264 20.64833649473972
263 286 71.03405662075059
264 241 59.3279605245284
264 263 20.64833649473972
264 265 0.11045361017187186
265 264 0.11045361017187186
265 266 46.46829671937632
265 288 112.1720999179386
266 243 29.93204470128962
266 265 46.46829671937632
266 267 82.19621949943927
267 266 82.19621949943927
267 268 45.24765739792503
267 290 114.72219750336026
268 245 185.5498579897058
268 267 45.24765739792503
268 269 124.64869112830668
269 268 124.64869112830668
269 270 5.426647215362355
269 292 4.9907614649470124
270 247 83.40646138039907
270 269 5.426647215362355
270 271 0.24839484696748268
271 270 0.24839484696748268
271 272 3.450507209092599
271 294 11.410740554407502
272 249 45.61708890317312
272 271 3.450507209092599
272 273 101.52210054958476
273 272 101.52210054958476
273 274 103.52106693808753
273 296 99.32349419950951
274 251 101.36717910645437
274 273 103.52106693808753
274 275 19.46981509927611
275 274 19.46981509927611
275 298 68.40690023674512
276 277 10.997135990793245
276 299 56.071640782128
277 254 82.80510370744065
277 276 10.997135990793245
277 278 12.957360842393797
278 277 12.957360842393797
278 279 14.71883147535836
278 301 108.91916314404916
279 256 119.2934168342914
279 278 14.71883147535836
279 280 45.063796999365245
280 279 45.063796999365245
280 281 28.098558681896836
280 303 57.541645788072486
281 258 27.351241288102447
281 280 28.098558681896836
281 282 68.70221248256856
282 281 68.70221248256856
282 283 95.56346843851996
282 305 213.69820331486176
283 260 40.48264072414249
283 282 95.56346843851996
283 284 47.25351309691164
284 283 47.25351309691164
284 285 45.45065236055474
284 307 149.81725434675405
285 262 31.415182635152703
285 284 45.45065236055474
285 286 83.67484687766091
286 285 83.67484687766091
286 287 11.121483713965508
286 309 124.28059743982566
287 264 68.34408533296791
287 286 11.121483713965508
287 288 87.9131036876756
288 287 87.9131036876756
288 289 116.92777428823315
288 311 195.32499328042994
289 266 43.55449230561642
289 288 116.92777428823315
289 290 69.60931331366515
290 289 69.60931331366515
290 291 43.457721983555466
290 313 64.84972243579767
291 268 150.89080323200614
291 290 43.457721983555466
291 292 34.32109846726937
292 291 34.32109846726937
292 293 82.2201684503261
292 315 99.12488738959556
293 270 88.80369643207426
293 292 82.2201684503261
293 294 87.79889862634953
294 293 87.79889862634953
294 295 8.8055096388568
294 317 84.76879142703405
295 272 20.14310800249058
295 294 8.8055096388568
295 296 21.77927914325908
296 295 21.77927914325908
296 297 80.68164661185344
296 319 15.525424309821616
297 274 84.3620868637091
297 296 80.68164661185344
297 298 17.60392001799599
298 297 17.60392001799599
298 321 192.49094368307303
299 300 55.63083407607691
299 322 59.63733813643932
300 277 11.351493293835839
300 299 55.63083407607691
300 301 110.13523369022285
301 300 110.13523369022285
301 302 17.12417005288139
301 324 142.34866104041865
302 279 84.1238759211676
302 301 17.12417005288139
302 303 139.45823209835984
303 302 139.45823209835984
303 304 53.88414423557268
303 326 56.6502568396649
304 281 29.011532189803418
304 303 53.88414423557268
304 305 158.682505967104
305 304 158.682505967104
305 306 121.91503967927828
305 328 168.52985314180987
306 283 50.94126519826535
306 305 121.91503967927828
306 307 121.87397794443241
307 306 121.87397794443241
307 308 250.0561764884043
307 330 148.32200544760713
308 285 103.95549672816729
308 307 250.0561764884043
308 309 14.794627403216351
309 308 14.794627403216351
309 310 131.6848267645138
309 332 17.982016016008885
310 287 24.134425619848507
310 309 131.6848267645138
310 311 127.53811391109718
311 310 127.53811391109718
311 312 10.468237674030902
311 334 94.33709821697931
312 289 99.77974243302094
312 311 10.468237674030902
312 313 101.62002263333737
313 312 101.62002263333737
313 314 9.904367723383457
313 336 0.7382411530116704
314 291 24.164478061816276
314 313 9.904367723383457
314 315 104.87249639443127
315 314 104.87249639443127
315 316 108.70798038782618
315 338 277.44795421844435
316 293 69.56596006668778
316 315 108.70798038782618
316 317 66.86650132914089
317 316 66.86650132914089
317 318 79.00809578771026
317 340 152.04469112731294
318 295 19.583079430978163
318 317 79.00809578771026
318 319 9.880080971328116
319 318 9.880080971328116
319 320 14.505905693888955
319 342 13.394513802299807
320 297 82.10106576652949
320 319 14.505905693888955
320 321 128.63711595025754
321 320 128.63711595025754
321 344 119.12205925016575
322 323 35.82236452273914
322 345 48.85102762481051
323 300 12.231475789944565
323 322 35.82236452273914
323 324 74.6615536939863
324 323 74.6615536939863
324 325 94.32902522553701
324 347 60.7608303103241
325 302 209.60362329883515
325 324 94.32902522553701
325 326 130.71872704398555
326 325 130.71872704398555
326 327 82.26778713445499
326 349 32.61180767758819
327 304 80.95509990111803
327 326 82.26778713445499
327 328 90.91974977968208
328 327 90.91974977968208
328 329 94.57620208065028
328 351 16.55847819094496
329 306 134.08337294385163
329 328 94.57620208065028
329 330 120.79499865474563
330 329 120.79499865474563
330 331 22.060836339540714
330 353 29.401717636900056
331 308 109.09355709664985
331 330 22.060836339540714
331 332 97.9000434116349
332 331 97.9000434116349
332 333 133.60625920966427
332 355 94.13777828268522
333 310 31.59149252567849
333 332 133.60625920966427
333 334 76.97223525401871
334 333 76.97223525401871
334 335 106.6189945553793
334 357 7.302629663347309
335 312 64.3932892466288
335 334 106.6189945553793
335 336 102.63828184454376
336 335 102.63828184454376
336 337 4.357912344230889
336 359 120.56379970787252
337 314 14.284848616628734
337 336 4.357912344230889
337 338 183.6525689991839
338 337 183.6525689991839
338 339 173.0896545146474
338 361 177.68905903290727
339 316 5.011207439330364
339 338 173.0896545146474
339 340 92.76578949160084
340 339 92.76578949160084
340 341 116.81827639543395
340 363 70.73140250270738
341 318 56.783268662520655
341 340 116.81827639543395
341 342 53.4265196321078
342 341 53.4265196321078
342 343 14.420679595636264
342 365 17.417990699274128
343 320 0.7278049189171513
343 342 14.420679595636264
343 344 12.0537338613394
344 343 12.0537338613394
344 367 12.040651975702977
345 346 116.35652968355494
345 368 38.53448585358315
346 323 126.44122943090993
346 345 116.35652968355494
346 347 93.42426344371145
347 346 93.42426344371145
347 348 40.44755740461963
347 370 35.46146218079564
348 325 124.95870437868663
348 347 40.44755740461963
348 349 18.302508024858234
349 348 18.302508024858234
349 350 53.82569274983834
349 372 49.23104000526497
350 327 29.91434438526106
350 349 53.82569274983834
350 351 72.39226547083604
351 350 72.39226547083604
351 352 126.17549841391552
351 374 26.38997158012869
352 329 233.53658385786153
352 351 126.17549841391552
352 353 142.06765184235292
353 352 142.06765184235292
353 354 12.605244940103304
353 376 3.8319316277825193
354 331 5.718295200494638
354 353 12.605244940103304
354 355 10.3579196753016
355 354 10.3579196753016
355 356 75.59337140252444
355 378 141.91761342412715
356 333 124.09342690086368
356 355 75.59337140252444
356 357 84.97650028096002
357 356 84.97650028096002
357 358 22.131527285752334
357 380 88.39394775661962
358 335 118.28914785389232
358 357 22.131527285752334
358 359 99.09947023067278
359 358 99.09947023067278
359 360 225.10199665929218
359 382 239.57375357079496
360 337 104.45427564250302
360 359 225.10199665929218
360 361 106.90047380624652
361 360 106.90047380624652
361 362 104.86133939636666
361 384 10.821875992636398
362 339 109.73132870789453
362 361 104.86133939636666
362 363 87.14002811567138
363 362 87.14002811567138
363 364 79.1312795296525
363 386 66.61211676564558
364 341 131.26666903673606
364 363 79.1312795296525
364 365 79.86720603601957
365 364 79.86720603601957
365 366 76.51475413278148
365 388 25.20679471888483
366 343 84.14835708437806
366 365 76.51475413278148
366 367 81.13301917222113
367 366 81.13301917222113
367 390 12.001441580076953
368 369 133.77041227416476
368 391 155.96570135770236
369 346 6.020979986679915
369 368 133.77041227416476
369 370 126.84057276754943
370 369 126.84057276754943
370 371 12.400036290269478
370 393 103.72378367568356
371 348 37.8323314111092
371 370 12.400036290269478
371 372 24.49693858423946
372 371 24.49693858423946
372 373 42.207271885304316
372 395 15.84731207492299
373 350 38.95682353580692
373 372 42.207271885304316
373 374 31.331431502566236
374 373 31.331431502566236
374 375 71.17510309089829
374 397 62.05064383227623
375 352 213.0880383785068
375 374 71.17510309089829
375 376 80.25439614127066
376 375 80.25439614127066
376 377 114.43723738364186
376 399 5.761111003964429
377 354 105.71546055331737
377 376 114.43723738364186
377 378 71.61424788406285
378 377 71.61424788406285
378 379 114.39860139005197
378 401 138.70694647349137
379 356 88.10771816362059
379 378 114.39860139005197
379 380 89.45600035771776
380 379 89.45600035771776
380 381 2.6974246977441285
380 403 61.50193574189352
381 358 105.77495544787527
381 380 2.6974246977441285
381 382 37.38779479990763
382 381 37.38779479990763
382 383 110.02531572324617
382 405 95.54719252809053
383 360 95.37666171553708
383 382 110.02531572324617
383 384 10.188351191434267
384 383 10.188351191434267
384 385 80.5475319299108
384 407 4.784150917352
385 362 15.429225515235686
385 384 80.5475319299108
385 386 127.9728072677942
386 385 127.9728072677942
386 387 57.88931593999017
386 409 96.03013329158718
387 364 90.0083773878854
387 386 57.88931593999017
387 388 10.690991534932577
388 387 10.690991534932577
388 389 95.28764557905711
388 411 7.147377141301557
389 366 186.47014479535324
389 388 95.28764557905711
389 390 96.2757004648629
390 389 96.2757004648629
390 413 17.40468040499451
391 392 209.26273557420586
391 414 158.10278492170843
392 369 197.95373828245832
392 391 209.26273557420586
392 393 18.067553791257964
393 392 18.067553791257964
393 394 101.9976087955007
393 416 224.43682162247796
394 371 11.688164954345913
394 393 101.9976087955007
394 395 7.719384690504812
395 394 7.719384690504812
395 396 4.03725154034276
395 418 10.116619988909342
396 373 33.77541857623677
396 395 4.03725154034276
396 397 79.81788584020502
397 396 79.81788584020502
397 398 19.286350095339447
397 420 135.4775571819923
398 375 11.690209578959648
398 397 19.286350095339447
398 399 86.07589732323444
399 398 86.07589732323444
399 400 12.557169266996445
399 422 52.44261625815402
400 377 104.3766889683707
400 399 12.557169266996445
400 401 24.54756403393216
401 400 24.54756403393216
401 402 3.093864896856357
401 424 109.085247856894
402 379 32.43888099179748
402 401 3.093864896856357
402 403 50.62471827082102
403 402 50.62471827082102
403 404 67.97836420509101
403 426 73.89365940322621
404 381 90.55209550308597
404 403 67.97836420509101
404 405 45.211980713080905
405 404 45.211980713080905
405 406 126.90124979684006
405 428 16.097384880781096
406 383 107.65483221853073
406 405 126.90124979684006
406 407 97.6783809243376
407 406 97.6783809243376
407 408 27.310862307880356
407 430 13.96498836376171
408 385 108.28651347236183
408 407 27.310862307880356
408 409 104.65111418422644
409 408 104.65111418422644
409 410 12.389422908271397
409 432 50.29608831708486
410 387 76.82055063588128
410 409 12.389422908271397
410 411 88.76974090308026
411 410 88.76974090308026
411 412 2.2748186740925114
411 434 18.130176502174493
412 389 97.76380720900757
412 411 2.2748186740925114
412 413 14.386000139024048
413 412 14.386000139024048
413 436 3.788086588239507
414 415 41.83347224412528
414 437 66.37222687238993
415 392 79.69169655616575
415 414 41.83347224412528
415 416 135.79106045686513
416 415 135.79106045686513
416 417 210.8454573852612
416 439 29.381676262596052
417 394 111.32856327106714
417 416 210.8454573852612
417 418 106.14210898601931
418 417 106.14210898601931
418 419 50.16248498629229
418 441 44.19573848234692
419 396 36.92552640112257
419 418 50.16248498629229
419 420 28.084282080907823
420 419 28.084282080907823
420 421 133.9733145070316
420 443 194.65807689381913
421 398 21.26595871339921
421 420 133.9733145070316
421 422 102.6743322354716
422 421 102.6743322354716
422 423 133.21312585477452
422 445 128.41700899802953
423 400 106.12020071598056
423 422 133.21312585477452
423 424 33.88217820624879
424 423 33.88217820624879
424 425 89.31850032328128
424 447 53.03095699683346
425 402 70.02298051354283
425 424 89.31850032328128
425 426 73.20397803398393
426 425 73.20397803398393
426 427 137.57387106569328
426 449 120.28642151132438
427 404 57.76598393518454
427 426 137.57387106569328
427 428 86.36663997169278
428 427 86.36663997169278
428 429 93.45865663489926
428 451 11.733835690003508
429 406 173.83695378140976
429 428 93.45865663489926
429 430 98.0429564017732
430 429 98.0429564017732
430 431 53.22661082578902
430 453 31.4902286431839
431 408 16.36438205371654
431 430 53.22661082578902
431 432 114.51089904458877
432 431 114.51089904458877
432 433 60.22714089179396
432 455 43.841532819918605
433 410 105.42103110859807
433 432 60.22714089179396
433 434 137.9473645996907
434 433 137.9473645996907
434 435 112.6844842913167
434 457 28.135490043715247
435 412 114.30535639242808
435 434 112.6844842913167
435 436 126.8361293165319
436 435 126.8361293165319
436 459 9.189613702436032
437 438 182.38745707970165
437 460 58.114965370375984
438 415 134.4431433729515
438 437 182.38745707970165
438 439 243.5102203193944
439 438 243.5102203193944
439 440 66.22423800996128
439 462 87.44080340436037
440 417 129.32525546079543
440 439 66.22423800996128
440 441 78.30155617866097
441 440 78.30155617866097
441 442 127.02751552321254
441 464 43.73441893977785
442 419 61.636954012994515
442 441 127.02751552321254
442 443 227.96212426629123
443 442 227.96212426629123
443 444 139.90057362284114
443 466 281.69714943534655
444 421 84.92595951768811
444 443 139.90057362284114
444 445 107.83068997275312
445 444 107.83068997275312
445 446 0.04123105625616883
445 468 104.29034279356839
446 423 6.258705936533517
446 445 0.04123105625616883
446 447 20.078371447903834
447 446 20.078371447903834
447 448 91.29288362189027
447 470 137.17998177576786
448 425 94.13114096833205
448 447 91.29288362189027
448 449 1.7472549899771321
449 448 1.7472549899771321
449 450 132.95414623094683
449 472 49.91722147716157
450 427 154.00573041286484
450 449 132.95414623094683
450 451 86.56017213476414
451 450 86.56017213476414
451 452 22.908690490728628
451 474 12.16281628571278
452 429 105.68826282989043
452 451 22.908690490728628
452 453 33.325727298890264
453 452 33.325727298890264
453 454 7.1171342547404555
453 476 14.050512446170778
454 431 29.755570906974715
454 453 7.1171342547404555
454 455 77.95847612671761
455 454 77.95847612671761
455 456 72.84271068542137
455 478 78.82776477866159
456 433 33.15469800797469
456 455 72.84271068542137
456 457 91.27334769799998
457 456 91.27334769799998
457 458 19.185194812667397
457 480 8.034282793130947
458 435 111.1412997044753
458 457 19.185194812667397
458 459 13.836791535612585
459 458 13.836791535612585
459 482 26.205839043999333
460 461 22.706673027988934
460 483 39.5238472317663
461 438 129.3524553303879
461 460 22.706673027988934
461 462 32.00624001659676
462 461 32.00624001659676
462 463 46.546820514402484
462 485 74.7374417544513
463 440 61.962980076816834
463 462 46.546820514402484
463 464 17.00735135169495
464 463 17.00735135169495
464 465 7.089174846200367
464 487 94.8037319940518
465 442 103.65943131235093
465 464 7.089174846200367
465 466 162.31773901826008
466 465 162.31773901826008
466 467 117.06724435127018
466 489 155.9642529556052
467 444 36.978523496754164
467 466 117.06724435127018
467 468 43.34318977648046
468 467 43.34318977648046
468 469 8.32985594113127
468 491 6.086189283944429
469 446 105.91302091810996
469 468 8.32985594113127
469 470 52.00744562079549
470 469 52.00744562079549
470 471 86.40835376281625
470 493 57.27420361733544
471 448 40.600108374239596
471 470 86.40835376281625
471 472 15.810543950161868
472 471 15.810543950161868
472 473 28.832358557703877
472 495 67.12380352751177
473 450 111.59982661276852
473 472 28.832358557703877
473 474 21.95614720300445
474 473 21.95614720300445
474 475 72.36101505645149
474 497 37.9682354080355
475 452 87.4696981817132
475 474 72.36101505645149
475 476 107.42782367710889
476 475 107.42782367710889
476 477 41.5347673642215
476 499 98.20893747516058
477 454 35.892453245772984
477 476 41.5347673642215
477 478 32.24410798890241
478 477 32.24410798890241
478 479 10.869425007791353
478 501 106.1181228631566
479 456 103.4869972508624
479 478 10.869425007791353
479 480 16.155509896007615
480 479 16.155509896007615
480 481 35.18436584621073
480 503 68.66182636662091
481 458 32.21777149338545
481 480 35.18436584621073
481 482 30.769757880100393
482 481 30.769757880100393
482 505 30.333989187048907
483 484 37.18279709758264
483 506 45.4391164086627
484 461 25.555330168088222
484 483 37.18279709758264
484 485 75.48744067724114
485 484 75.48744067724114
485 486 65.17019640909486
485 508 73.39907424484316
486 463 14.094325099131211
486 485 65.17019640909486
486 487 84.50722335989984
487 486 84.50722335989984
487 488 181.61457568157903
487 510 82.01886185506356
488 465 111.39673828259066
488 487 181.61457568157903
488 489 109.75528096633892
489 488 109.75528096633892
489 490 20.09529298119338
489 512 89.56580820826662
490 467 59.00469557586074
490 489 20.09529298119338
490 491 11.565660378897523
491 490 11.565660378897523
491 492 5.902245335463445
491 514 15.98542461118878
492 469 6.528223341767649
492 491 5.902245335463445
492 493 1.1652038448271616
493 492 1.1652038448271616
493 494 11.83862323076463
493 516 75.43490239935359
494 471 25.22732248971341
494 493 11.83862323076463
494 495 96.58762291308344
495 494 96.58762291308344
495 496 105.66051533094091
495 518 22.045282942162473
496 473 12.098743736438095
496 495 105.66051533094091
496 497 16.119258667817206
497 496 16.119258667817206
497 498 127.42047912325553
497 520 96.29958463046452
498 475 227.5998156853384
498 497 127.42047912325553
498 499 222.9900988833361
499 498 222.9900988833361
499 500 96.77342610448386
499 522 14.024111380048296
500 477 38.43475640614885
500 499 96.77342610448386
500 501 100.05223635681514
501 500 100.05223635681514
501 502 179.73449891437093
501 524 53.08916461953417
502 479 90.16388689492041
502 501 179.73449891437093
502 503 161.5833469142164
503 502 161.5833469142164
503 504 72.19232992499965
503 526 34.87837152161781
504 481 32.46927932677287
504 503 72.19232992499965
504 505 22.953348339621385
505 504 22.953348339621385
505 528 12.314414318188257
506 507 90.44442547774848
506 529 3.8329362113137218
507 484 71.68546435645095
507 506 90.44442547774848
507 508 95.24585555287956
508 507 95.24585555287956
508 509 18.796616716845612
508 531 58.80034013507065
509 486 10.126964007045743
509 508 18.796616716845612
509 510 4.727081552078408
510 509 4.727081552078408
510 511 15.517538464589027
510 533 10.94671640264787
511 488 112.62628467635786
511 510 15.517538464589027
511 512 88.0529891599371
512 511 88.0529891599371
512 513 98.78098703697995
513 490 23.02644132296608
513 512 98.78098703697995
513 514 30.87955472476894
514 513 30.87955472476894
514 515 108.60784363939834
515 492 126.86328468079327
515 514 108.60784363939834
515 516 50.783828134554795
516 515 50.783828134554795
516 517 10.746092313022434
517 494 74.4729816779213
517 516 10.746092313022434
517 518 1.3974262055650832
518 517 1.3974262055650832
518 519 4.355421908380414
519 496 81.98844613724546
519 518 4.355421908380414
519 520 12.134990729291887
520 519 12.134990729291887
520 521 28.95834422062145
521 498 194.25173770136524
521 520 28.95834422062145
521 522 19.3812822073257
522 521 19.3812822073257
522 523 49.807474338697396
523 500 136.47433531620513
523 522 49.807474338697396
523 524 25.96372854580019
524 523 25.96372854580019
524 525 16.938338171143005
525 502 218.46783744981778
525 524 16.938338171143005
525 526 61.671092093459805
526 525 61.671092093459805
526 527 27.21959771929041
527 504 83.96773904303961
527 526 27.21959771929041
527 528 94.59223329639703
528 527 94.59223329639703
529 530 17.54387072455791
530 507 79.17046482116926
530 529 17.54387072455791
530 531 62.22480614674505
531 530 62.22480614674505
531 532 61.65442482093236
532 509 11.753488843743376
532 531 61.65442482093236
532 533 9.136662410311546
533 532 9.136662410311546
533 534 95.22444329057535
534 511 83.5932748491169
534 533 95.22444329057535
