48
0 1 4726.653149957166
0 6 2413.5223222502004
1 0 4726.653149957166
1 2 3587.4231699090087
2 1 3587.4231699090087
2 3 5162.02770236658
2 8 1443.5875449725936
3 2 5162.02770236658
3 4 2798.672899786611
4 3 2798.672899786611
4 5 5329.472018877667
4 10 2572.6328925830053
5 4 5329.472018877667
6 7 2467.2997385806207
6 12 3050.484059948519
7 1 5186.866877027017
7 6 2467.2997385806207
7 8 717.898321491282
8 7 717.898321491282
8 9 5788.323764268893
8 14 969.7448117932882
9 3 1401.707886829492
9 8 5788.323764268893
9 10 4391.46729465221
10 9 4391.46729465221
10 11 585.4314648188974
10 16 3352.392131001384
11 5 2265.697685040968
11 10 585.4314648188974
12 13 645.8769232601518
12 18 3654.459878012071
13 7 2761.6476965753614
13 12 645.8769232601518
13 14 1852.0607441442087
14 13 1852.0607441442087
14 15 2028.249491556697
14 20 1986.225566243673
15 9 5182.12552916272
15 14 2028.249491556697
15 16 4758.911745346829
16 15 4758.911745346829
16 17 1600.948781191953
16 22 3850.941183658873
17 11 1638.2362466994803
17 16 1600.948781191953
18 19 2169.4395589644805
18 24 4182.7533993770185
19 13 1996.9026015306806
19 18 2169.4395589644805
19 20 1429.9486004748562
20 19 1429.9486004748562
20 21 2778.6696457117746
20 26 3397.0110391342564
21 15 441.0408144378477
21 20 2778.6696457117746
21 22 1400.9953604491343
22 21 1400.9953604491343
22 23 3620.702279945149
22 28 2474.2594851793538
23 17 5881.088504690267
23 22 3620.702279945149
24 25 3863.0661397392614
24 30 3273.237693782717
25 19 5816.2401944899075
25 24 3863.0661397392614
25 26 7865.9626874273945
26 25 7865.9626874273945
26 27 838.1169369485382
26 32 1995.985220386163
27 21 3211.8905647608854
27 26 838.1169369485382
27 28 5426.33587239124
28 27 5426.33587239124
28 29 5611.87357305918
28 34 3475.53103856087
29 23 5965.464776528313
29 28 5611.87357305918
30 31 4329.435990980812
30 36 1807.0763680597454
31 25 3448.2315757500974
31 30 4329.435990980812
31 32 3183.737583407276
32 31 3183.737583407276
32 33 2684.3526221418824
32 38 2962.0432137293337
33 27 4043.2138207124294
33 32 2684.3526221418824
33 34 4696.652957160024
34 33 4696.652957160024
34 35 7392.130545384057
34 40 5378.7749534629165
35 29 734.4011165568854
35 34 7392.130545384057
36 37 2379.9371840449908
36 42 569.8596318392803
37 31 4280.575895834578
37 36 2379.9371840449908
37 38 3951.5426101713747
38 37 3951.5426101713747
38 39 2872.1081107785617
38 44 3477.367538814383
39 33 1908.8053855749674
39 38 2872.1081107785617
39 40 2373.567146722418
40 39 2373.567146722418
40 41 3385.3806285261335
40 46 3124.4077838848116
41 35 5771.856200564945
41 40 3385.3806285261335
42 43 1675.7210388367153
43 37 1001.8552789699718
43 42 1675.7210388367153
43 44 7520.104387573353
44 43 7520.104387573353
44 45 6804.388142955985
45 39 1011.6619988909339
45 44 6804.388142955985
45 46 1643.5050958241657
46 45 1643.5050958241657
46 47 2531.0274593532167
47 41 1168.151531266385
47 46 2531.0274593532167
