532
0 1 344.20923869065456
0 23 1121.9429575517643
1 0 344.20923869065456
1 2 550.5560825202098
2 1 550.5560825202098
2 3 61.84658438426491
2 25 749.0847749086881
3 2 61.84658438426491
3 4 230.16950275829333
4 3 230.16950275829333
4 5 198.84164553734712
4 27 588.7147017019364
5 4 198.84164553734712
5 6 79.30952023559341
6 5 79.30952023559341
6 7 79.02531240052139
6 29 557.9686371114419
7 6 79.02531240052139
7 8 9.486832980505138
8 7 9.486832980505138
8 9 66.40030120413611
8 31 544.7063429041376
9 8 66.40030120413611
9 10 79.30952023559341
10 9 79.30952023559341
10 11 61.61980201201558
10 33 538.9888681596309
11 10 61.61980201201558
11 12 162.78820596099706
12 11 162.78820596099706
12 13 49.49747468305833
12 35 606.8912587935338
13 12 49.49747468305833
13 14 201.54652068443156
14 13 201.54652068443156
14 15 221.81523843054606
14 37 521.8553439412113
15 14 221.81523843054606
15 16 260.4611295375953
16 15 260.4611295375953
16 17 131.64345787011217
16 39 1028.9572391503934
17 16 131.64345787011217
17 18 636.0007861630361
18 17 636.0007861630361
18 19 543.6699366343518
18 41 587.0195908144804
19 18 543.6699366343518
19 20 648.0277771824291
20 19 648.0277771824291
20 21 464.5696933722647
20 43 566.1174789741084
21 20 464.5696933722647
21 22 167.20047846821492
22 21 167.20047846821492
22 45 288.5168972521367
23 24 102.48902380255166
23 46 272.01654361453825
24 1 787.4642849044012
24 23 102.48902380255166
24 25 224.0803427344755
25 24 224.0803427344755
25 26 685.0
25 48 462.7504727172086
26 3 750.4785140162242
26 25 685.0
26 27 639.0031298827886
27 26 639.0031298827886
27 28 207.02173798903343
27 50 349.521100936696
28 5 565.3467962233447
28 27 207.02173798903343
28 29 67.06713054842886
29 28 67.06713054842886
29 30 421.57442996462675
29 52 346.5847659664227
30 7 785.6112270073538
30 29 421.57442996462675
30 31 482.33598248523816
31 30 482.33598248523816
31 32 78.44743462982075
31 54 330.71135450721977
32 9 559.1511423577707
32 31 78.44743462982075
32 33 33.421549934136806
33 32 33.421549934136806
33 34 30.0
33 56 309.7046980592965
34 11 511.86326299120157
34 33 30.0
34 35 119.01680553602503
35 34 119.01680553602503
35 36 73.24616030891995
35 58 315.5582355128764
36 13 549.8236080780817
36 35 73.24616030891995
36 37 237.10335299189677
37 36 237.10335299189677
37 38 150.26975743641833
37 60 2832.017831864764
38 15 474.80522322316546
38 37 150.26975743641833
38 39 461.6243061191644
39 38 461.6243061191644
39 40 1547.0051712906456
39 62 659.2366798047573
40 17 2658.1576326470936
40 39 1547.0051712906456
40 41 2439.007380062635
41 40 2439.007380062635
41 42 128.06248474865697
41 64 397.6040744258036
42 19 369.60654756105174
42 41 128.06248474865697
42 43 49.9799959983992
43 42 49.9799959983992
43 44 135.03332921912278
43 66 1587.2255668303733
44 21 322.893171188243
44 43 135.03332921912278
44 45 79.05694150420949
45 44 79.05694150420949
45 68 3853.3290801591293
46 47 145.01379244747721
46 69 1055.7978026118449
47 24 395.5780580365903
47 46 145.01379244747721
47 48 290.0
48 47 290.0
48 49 1872.0130875610887
48 71 278.2103520719529
49 26 1577.636206481076
49 48 1872.0130875610887
49 50 2292.3847844548263
50 49 2292.3847844548263
50 51 5.385164807134504
50 73 424.53739529045026
51 28 350.3855019831728
51 50 5.385164807134504
51 52 43.41658669218482
52 51 43.41658669218482
52 53 111.00450441310929
52 75 2260.4293839888032
53 30 387.1046370169182
53 52 111.00450441310929
53 54 329.02887411289606
54 53 329.02887411289606
54 55 2163.0
54 77 1564.4296085155127
55 32 2038.4035419906431
55 54 2163.0
55 56 2147.0037261262496
56 55 2147.0037261262496
56 57 1097.496241451423
56 79 1122.525723535991
57 34 1014.2608145837046
57 56 1097.496241451423
57 58 912.01370603736
58 57 912.01370603736
58 59 309.8548047069788
58 81 231.51025895195227
59 36 445.47951692530154
59 58 309.8548047069788
59 60 2736.0016447363478
60 59 2736.0016447363478
60 61 10.770329614269007
60 83 2186.6307415748092
61 38 2679.112166371539
61 60 10.770329614269007
61 62 2793.0001790189704
62 61 2793.0001790189704
62 63 362.6086044207997
62 85 1174.9744678077052
63 40 1803.9703434369424
63 62 362.6086044207997
63 64 421.3846224057067
64 63 421.3846224057067
64 65 94.00531899844816
64 87 3108.435619407293
65 42 375.54227458436685
65 64 94.00531899844816
65 66 1306.000382848336
66 65 1306.000382848336
66 67 810.0395052094682
66 89 1767.585075746002
67 44 934.4864900040021
67 66 810.0395052094682
67 68 3036.0105401661567
68 67 3036.0105401661567
68 91 1533.3417753390795
69 70 773.4371338382972
69 92 899.2669236661604
70 47 307.1432890362412
70 69 773.4371338382972
70 71 283.0441661649291
71 70 283.0441661649291
71 72 1021.0004897158473
71 94 2946.6192492414084
72 49 793.7379920351551
72 71 1021.0004897158473
72 73 1194.4839890094802
73 72 1194.4839890094802
73 74 1096.0041058317254
73 96 237.53947040439405
74 51 1458.0733863561188
74 73 1096.0041058317254
74 75 852.1150157109074
75 74 852.1150157109074
75 76 1526.1585762953994
75 98 1565.7985183285875
76 53 668.6232122802797
76 75 1526.1585762953994
76 77 607.0032948839735
77 76 607.0032948839735
77 78 807.0223045244784
77 100 1139.2506308973457
78 55 1449.1514758644107
78 77 807.0223045244784
78 79 371.0485143481914
79 78 371.0485143481914
79 80 958.0046972744967
79 102 872.6746243589303
80 57 990.0853498562636
80 79 958.0046972744967
80 81 85.09406559801923
81 80 85.09406559801923
81 82 253.0
81 104 956.521301383299
82 59 207.17142660125697
82 81 253.0
82 83 581.0034423305941
83 82 581.0034423305941
83 84 428.01051388955386
83 106 198.9572818471342
84 61 2608.5254455343156
84 83 428.01051388955386
84 85 966.002070391156
85 84 966.002070391156
85 86 1191.0037783315383
85 108 155.32224567009067
86 63 434.4951092935339
86 85 1191.0037783315383
86 87 3078.001461987957
87 86 3078.001461987957
87 88 2235.0080536767646
87 110 2361.4709399016538
88 65 793.6409767646829
88 87 2235.0080536767646
88 89 1228.0065146407
89 88 1228.0065146407
89 90 1766.0101924960682
89 112 237.91805311913595
90 67 834.9089770747468
90 89 1766.0101924960682
90 91 695.0179853787957
91 90 695.0179853787957
91 114 2152.4657953147594
92 93 21.93171219946131
92 115 2685.0148975378142
93 70 173.738308959193
93 92 21.93171219946131
93 94 3317.001356647296
94 93 3317.001356647296
94 95 3132.003991057483
94 117 2273.0281564468137
95 72 1219.262071910711
95 94 3132.003991057483
95 96 221.03619613086
96 95 221.03619613086
96 97 3178.0
96 119 1124.2793247231757
97 74 2289.990829675962
97 96 3178.0
97 98 2997.006005999988
98 97 2997.006005999988
98 99 602.0008305642111
98 121 2271.442052969875
99 76 644.0403714053957
99 98 602.0008305642111
99 100 2381.0
100 99 2381.0
100 101 1356.0003687315134
100 123 1728.1255741409534
101 78 592.5622330186088
101 100 1356.0003687315134
101 102 653.0191421390341
102 101 653.0191421390341
102 103 1671.0047875455055
102 125 1697.120207881575
103 80 175.775424903483
103 102 1671.0047875455055
103 104 882.0141722217393
104 103 882.0141722217393
104 105 556.1519576518633
104 127 2058.043974262941
105 82 172.51376756653366
105 104 556.1519576518633
105 106 609.0402285563738
106 105 609.0402285563738
106 107 994.0020120703982
106 129 747.8622867881493
107 84 406.2474615305307
107 106 994.0020120703982
107 108 1478.0054127099806
108 107 1478.0054127099806
108 109 327.0749149659753
108 131 1009.1506329582319
109 86 987.5975901145163
109 108 327.0749149659753
109 110 263.0684321616716
110 109 263.0684321616716
110 111 642.0070093075309
110 133 470.6293658496036
111 88 773.162984111371
111 110 642.0070093075309
111 112 249.0501957437496
112 111 249.0501957437496
112 113 63.198101237299845
112 135 2012.8233901661615
113 90 1493.6950826724978
113 112 63.198101237299845
113 114 35.12833614050059
114 113 35.12833614050059
114 137 333.1816321467917
115 116 1965.0002544529098
115 138 1481.8194896815198
116 93 4628.9955713955915
116 115 1965.0002544529098
116 117 3582.0012562811867
117 116 3582.0012562811867
117 118 176.0113632695344
117 140 154.00324671902212
118 95 1041.161851010687
118 117 176.0113632695344
118 119 304.13319450530224
119 118 304.13319450530224
119 120 1581.0202402246468
119 142 1040.1658521601255
120 97 488.635856236523
120 119 1581.0202402246468
120 121 253.23704310388715
121 120 253.23704310388715
121 122 1276.0035266408945
121 144 2595.5654489917993
122 99 1599.0512812289667
122 121 1276.0035266408945
122 123 936.01923057168
123 122 936.01923057168
123 124 814.061422744009
123 146 937.5121332548182
124 101 1189.5062000679106
124 123 814.061422744009
124 125 143.17122615944868
125 124 143.17122615944868
125 126 2928.0027322391625
125 148 338.52030958274867
126 103 2911.563154046293
126 125 2928.0027322391625
126 127 27.459060435491963
127 126 27.459060435491963
127 128 1950.0010256407559
127 150 1999.1663262470183
128 105 672.2871410342459
128 127 1950.0010256407559
128 129 787.0006353237588
129 128 787.0006353237588
129 130 1801.004441971202
129 152 580.6728855388376
130 107 2062.039039397654
130 129 1801.004441971202
130 131 1581.0028462972482
131 130 1581.0028462972482
131 132 342.0058479032193
131 154 349.2978671563856
132 109 1023.4182918044801
132 131 342.0058479032193
132 133 1207.0202980894728
133 132 1207.0202980894728
133 134 110.60289327137876
133 156 3153.3609054467584
134 111 1000.1609870415862
134 133 110.60289327137876
134 135 769.0526639964262
135 134 769.0526639964262
135 136 942.000530785413
135 158 196.72569735548024
136 113 2889.843767403352
136 135 942.000530785413
136 137 3150.000158730155
137 136 3150.000158730155
137 160 1188.2154686756103
138 139 3207.0099781572244
138 161 2755.8882415656844
139 116 3700.0013513511044
139 138 3207.0099781572244
139 140 66.0
140 139 66.0
140 141 2195.058313576202
140 163 820.7441745148119
141 118 1976.4867821465439
141 140 2195.058313576202
141 142 2695.0001855287505
142 141 2695.0001855287505
142 143 308.3180176376334
142 165 703.4443830183023
143 120 2922.274456651873
143 142 308.3180176376334
143 144 74.06078584514209
144 143 74.06078584514209
144 145 1935.0064599375373
144 167 699.8114031651671
145 122 634.1963418374471
145 144 1935.0064599375373
145 146 628.0509533469399
146 145 628.0509533469399
146 147 1696.0356717946706
146 169 273.57814240176424
147 124 148.00675660252813
147 146 1696.0356717946706
147 148 212.00943375236866
148 147 212.00943375236866
148 149 1305.0
148 171 3298.9460438145998
149 126 1937.5017419347007
149 148 1305.0
149 150 35.05709628591621
150 149 35.05709628591621
150 151 1796.0100222437513
150 173 804.7465439503297
151 128 1756.043849110836
151 150 1796.0100222437513
151 152 3103.0006445374775
152 151 3103.0006445374775
152 153 1983.0
152 175 1457.8429270672475
153 130 404.46137021970344
153 152 1983.0
153 154 1523.0003282993737
154 153 1523.0003282993737
154 155 1116.0017921132564
154 177 546.6278441499298
155 132 1140.2074372674474
155 154 1116.0017921132564
155 156 3225.000155038756
156 155 3225.000155038756
156 157 4736.003800674151
156 179 4733.855616725124
157 134 1481.379087202192
157 156 4736.003800674151
157 158 2417.0132395169044
158 157 2417.0132395169044
158 159 1435.0013937275462
158 181 91.0823802938856
159 136 2209.2643572012835
159 158 1435.0013937275462
159 160 241.0020746798666
160 159 241.0020746798666
160 183 2330.277451292013
161 162 1238.0327136227056
161 184 1277.9174464729715
162 139 791.7284888141894
162 161 1238.0327136227056
162 163 37.05401462729781
163 162 37.05401462729781
163 164 2657.0
163 186 1813.219236606539
164 141 363.07712679264165
164 163 2657.0
164 165 1646.0148845013523
165 164 1646.0148845013523
165 166 85.05292469985967
165 188 1414.2842712835352
166 143 923.8268235984491
166 165 85.05292469985967
166 167 152.26621424334422
167 166 152.26621424334422
167 168 287.0278732109479
167 190 1307.068858170831
168 145 1530.5897556170955
168 167 287.0278732109479
168 169 1158.0431770879702
169 168 1158.0431770879702
169 170 1210.0
169 192 951.4830529231722
170 147 3165.011216409825
170 169 1210.0
170 171 78.00640999302557
171 170 78.00640999302557
171 172 750.0166664814856
171 194 641.0070202423683
172 149 2744.2858816092757
172 171 750.0166664814856
172 173 1979.049519340029
173 172 1979.049519340029
173 174 83.00602387778854
173 196 1462.354950071972
174 151 918.5189165172376
174 173 83.00602387778854
174 175 734.0027247905828
175 174 734.0027247905828
175 176 334.0
175 198 4604.338171768012
176 153 214.28252378577213
176 175 334.0
176 177 1868.0002676659337
177 176 1868.0002676659337
177 178 1612.0003101736675
177 200 1923.0668215119308
178 155 99.74467404327912
178 177 1612.0003101736675
178 179 1465.0003412968886
179 178 1465.0003412968886
179 180 2063.006059128281
179 202 270.2369330791038
180 157 2067.916100812603
180 179 2063.006059128281
180 181 321.0389384482823
181 180 321.0389384482823
181 182 214.0023364358436
181 204 917.1177677921195
182 159 1194.0293128730132
182 181 214.0023364358436
182 183 1378.1309807126463
183 182 1378.1309807126463
183 206 2027.2644129466685
184 185 81.00617260431454
184 207 2008.6425764679987
185 162 113.718951806636
185 184 81.00617260431454
185 186 1801.0099944197977
186 185 1801.0099944197977
186 187 80.00624975587844
186 209 2383.727543155887
187 164 933.3863080204252
187 186 80.00624975587844
187 188 2129.015030477709
188 187 2129.015030477709
188 189 1423.0790561314575
188 211 1790.1734552830349
189 166 156.48642113614844
189 188 1423.0790561314575
189 190 1552.0012886592588
190 189 1552.0012886592588
190 191 7680.0
190 213 1053.4424521538897
191 168 6665.924241993754
191 190 7680.0
191 192 6453.000077483341
192 191 6453.000077483341
192 193 974.0
192 215 1023.8071107391274
193 170 1186.3928523048342
193 192 974.0
193 194 471.0
194 193 471.0
194 195 2222.005625555435
194 217 2599.9907692143834
195 172 3606.4145629697096
195 194 2222.005625555435
195 196 167.4305826305338
196 195 167.4305826305338
196 197 835.038322473885
196 219 6311.5975790603125
197 174 714.9020911985081
197 196 835.038322473885
197 198 4576.005354017847
198 197 4576.005354017847
198 199 4356.011478405446
198 221 1606.4323826417344
199 176 149.03019828209315
199 198 4356.011478405446
199 200 138.0905500025255
200 199 138.0905500025255
200 201 1289.0003878975367
200 223 404.7715405015526
201 178 1600.8875663206334
201 200 1289.0003878975367
201 202 2823.0028338632605
202 201 2823.0028338632605
202 203 1852.0218681214324
202 225 1468.9428171307418
203 180 134.73306943731373
203 202 1852.0218681214324
203 204 614.00325732035
204 203 614.00325732035
204 205 593.000843169721
204 227 1056.4213174676097
205 182 1293.448878000209
205 204 593.000843169721
205 206 641.0195004834096
206 205 641.0195004834096
206 229 1099.819076030235
207 208 1009.1432009383009
207 230 2600.32997906035
208 185 923.6974612934691
208 207 1009.1432009383009
208 209 1496.0003342245616
209 208 1496.0003342245616
209 210 591.3729787536796
209 232 793.625856433622
210 187 1715.2422569421499
210 209 591.3729787536796
210 211 1366.0366027306882
211 210 1366.0366027306882
211 212 1000.001999998
211 234 1276.8418069596562
212 189 1367.5426867195042
212 211 1000.001999998
212 213 1868.004282650337
213 212 1868.004282650337
213 214 35.90264614203248
213 236 1092.831185499389
214 191 6600.34014275022
214 213 35.90264614203248
214 215 869.0023014929247
215 214 869.0023014929247
215 216 6620.002719032675
215 238 6186.050517090852
216 193 4633.115690331939
216 215 6620.002719032675
216 217 6756.0011841325195
217 216 6756.0011841325195
217 218 433.11545804785123
217 240 1095.536398299938
218 195 160.25604512778918
218 217 433.11545804785123
218 219 6418.001947646947
219 218 6418.001947646947
219 220 6954.000647109547
219 242 428.3223085481306
220 197 1485.331612805706
220 219 6954.000647109547
220 221 7656.000261233015
221 220 7656.000261233015
221 222 4861.008331611868
221 244 5400.0404628113665
222 199 1103.8011596297588
222 221 4861.008331611868
222 223 1342.0014903121382
223 222 1342.0014903121382
223 224 1039.0235800981611
223 246 752.40946299206
224 201 2715.3084539329966
224 223 1039.0235800981611
224 225 1352.0014792891316
225 224 1352.0014792891316
225 226 825.0006060603835
225 248 746.3303558076678
226 203 453.290194025858
226 225 825.0006060603835
226 227 3.1622776601683795
227 226 3.1622776601683795
227 228 1084.004151283564
227 250 2976.2226059218083
228 205 2728.956760375657
228 227 1084.004151283564
228 229 3176.045497155228
229 228 3176.045497155228
229 252 136.35981812836215
230 231 2853.006309141289
230 253 1750.6892928215445
231 208 1273.6078674380117
231 230 2853.006309141289
231 232 1981.0022715787077
232 231 1981.0022715787077
232 233 1254.0143539848339
232 255 6915.708640479296
233 210 1449.4868057350504
233 232 1254.0143539848339
233 234 1193.0150879180028
234 233 1193.0150879180028
234 235 2939.0015311326397
234 257 1296.8612107700653
235 212 2670.8337649505634
235 234 2939.0015311326397
235 236 286.01573383294846
236 235 286.01573383294846
236 237 6135.000325998361
236 259 508.17811837976654
237 214 5015.341663336607
237 236 6135.000325998361
237 238 302.0
238 237 302.0
238 239 1246.0
238 261 5993.9373536933135
239 216 818.1595198981676
239 238 1246.0
239 240 6477.002779063785
240 239 6477.002779063785
240 241 983.0020345858903
240 263 1130.6608686958261
241 218 341.5845429758203
241 240 983.0020345858903
241 242 7160.001745809843
242 241 7160.001745809843
242 243 219.0570701894828
242 265 3829.8492137419717
243 220 7589.712576903028
243 242 219.0570701894828
243 244 5332.001500374883
244 243 5332.001500374883
244 245 586.0008532416996
244 267 800.0206247341378
245 222 1128.2641534676177
245 244 586.0008532416996
245 246 964.0020746865641
246 245 964.0020746865641
246 247 1659.00030138635
246 269 1484.617459145621
247 224 1954.1668301350323
247 246 1659.00030138635
247 248 140.1748907615055
248 247 140.1748907615055
248 249 396.00505047284435
248 271 2350.709041970103
249 226 490.881859514079
249 248 396.00505047284435
249 250 3454.057903394209
250 249 3454.057903394209
250 251 5152.0078610188475
250 273 896.0457577601716
251 228 3264.2434039146037
251 250 5152.0078610188475
251 252 173.0028901492689
252 251 173.0028901492689
252 275 359.5552808679077
253 254 1736.018433081861
253 276 157.00318468107582
254 231 2842.72439747507
254 253 1736.018433081861
254 255 7775.000578778114
255 254 7775.000578778114
255 256 5922.000337723733
255 278 5394.425363280134
256 233 277.7516876636396
256 255 5922.000337723733
256 257 161.37533888422976
257 256 161.37533888422976
257 258 1595.011285226534
257 280 319.04388412881383
258 235 114.93476410555685
258 257 1595.011285226534
258 259 160.11246047700348
259 258 160.11246047700348
259 260 799.0006257819828
259 282 373.6642878306676
260 237 4840.139047589439
260 259 799.0006257819828
260 261 852.000586854258
261 260 852.000586854258
261 262 179.3376703316958
261 284 6735.737895731989
262 239 7418.9226306789315
262 261 179.3376703316958
262 263 184.0108692441835
263 262 184.0108692441835
263 264 1268.006309132569
263 286 411.7535670762307
264 241 1131.8573231640107
264 263 1268.006309132569
264 265 2206.018358944458
265 264 2206.018358944458
265 266 2952.0006775066972
265 288 2938.4815806807433
266 243 6999.961214178262
266 265 2952.0006775066972
266 267 2459.0002033346805
267 266 2459.0002033346805
267 268 2676.000186846032
267 290 3007.4017024667655
268 245 1302.909436607165
268 267 2676.000186846032
268 269 1814.0099227953524
269 268 1814.0099227953524
269 270 1733.04875869088
269 292 1474.2472655562228
270 247 1916.3467849008957
270 269 1733.04875869088
270 271 295.16944286290885
271 270 295.16944286290885
271 272 1906.000262329468
271 294 2409.1297183837983
272 249 138.51353724455961
272 271 1906.000262329468
272 273 2612.0490041344938
273 272 2612.0490041344938
273 274 3847.0129971186734
273 296 4305.180367882395
274 251 437.15900997234405
274 273 3847.0129971186734
274 275 581.0008605845605
275 274 581.0008605845605
275 298 1982.267388623442
276 277 5835.001371036686
276 299 208.47062143141417
277 254 7476.979135988009
277 276 5835.001371036686
277 278 5094.003533567679
278 277 5094.003533567679
278 279 2370.0843866833097
278 301 4815.9311664516135
279 256 1846.4682504716943
279 278 2370.0843866833097
279 280 2292.000872600183
280 279 2292.000872600183
280 281 354.0310720826634
280 303 1751.1738919935965
281 258 1539.7207539031226
281 280 354.0310720826634
281 282 1032.0237400370206
282 281 1032.0237400370206
282 283 1543.0
282 305 650.299930801165
283 260 1094.8844687911142
283 282 1543.0
283 284 4798.0
284 283 4798.0
284 285 5990.000083472453
284 307 5082.184668034014
285 262 934.011777227675
285 284 5990.000083472453
285 286 722.0173128118189
286 285 722.0173128118189
286 287 242.1672975444868
286 309 479.72596344162986
287 264 1135.088542801838
287 286 242.1672975444868
287 288 396.0012626242497
288 287 396.0012626242497
288 289 6436.0
288 311 848.0106131411328
289 266 6454.540262481906
289 288 6436.0
289 290 6998.000643040839
290 289 6998.000643040839
290 291 1901.0213044571594
290 313 7645.238648989317
291 268 1580.2309957724535
291 290 1901.0213044571594
291 292 1708.0002927400217
292 291 1708.0002927400217
292 293 2150.059534059464
292 315 1409.9265938338776
293 270 1060.5192124615187
293 292 2150.059534059464
293 294 1060.0018867907736
294 293 1060.0018867907736
294 295 1314.0186452254018
294 317 258.940147524481
295 272 828.15095242353
295 294 1314.0186452254018
295 296 876.0205477042191
296 295 876.0205477042191
296 297 98.02040603874276
296 319 3078.5873383745343
297 274 380.5325216062354
297 296 98.02040603874276
297 298 1755.0011396007696
298 297 1755.0011396007696
298 321 1389.0557944157606
299 300 1981.1221567586385
299 322 749.4424594323436
300 277 4014.954545197243
300 299 1981.1221567586385
300 301 3731.0536045465765
301 300 3731.0536045465765
301 302 5307.045599954838
301 324 6739.792652596962
302 279 1883.6868104862867
302 301 5307.045599954838
302 303 1327.0003767896978
303 302 1327.0003767896978
303 304 1236.0004045306782
303 326 3248.503809448282
304 281 210.1547049199708
304 303 1236.0004045306782
304 305 1511.0559221948074
305 304 1511.0559221948074
305 306 212.0
305 328 2888.9473861598794
306 283 1969.6438764406118
306 305 212.0
306 307 1682.0
307 306 1682.0
307 308 1310.0095419499814
307 330 5650.02955744481
308 285 428.2627698037736
308 307 1310.0095419499814
308 309 778.0006426732564
309 308 778.0006426732564
309 310 6989.016096704886
309 332 605.1884004175889
310 287 6776.77283078015
310 309 6989.016096704886
310 311 5548.020277540449
311 310 5548.020277540449
311 312 791.000632110999
311 334 1583.9823231336895
312 289 4817.000726593261
312 311 791.000632110999
312 313 5459.029675684132
313 312 5459.029675684132
313 314 6663.000300165084
313 336 1711.6077237498082
314 291 938.04317597859
314 313 6663.000300165084
314 315 1231.0146221714833
315 314 1231.0146221714833
315 316 5453.000366770572
315 338 798.2436971251324
316 293 6207.30102379448
316 315 5453.000366770572
316 317 5334.009373820035
317 316 5334.009373820035
317 318 856.0052569932033
317 340 5393.598891278439
318 295 319.8280788173546
318 317 856.0052569932033
318 319 1929.0002592016415
319 318 1929.0002592016415
319 320 1732.1397172283764
319 342 513.2806249996195
320 297 1258.1255899154107
320 319 1732.1397172283764
320 321 865.0092485054712
321 320 865.0092485054712
321 344 1598.459883763118
322 323 1308.0309629362755
322 345 308.3115307606902
323 300 1406.5823829410065
323 322 1308.0309629362755
323 324 1613.111899404378
324 323 1613.111899404378
324 325 2252.0
324 347 801.5846804923358
325 302 839.8023577009058
325 324 2252.0
325 326 1095.0
326 325 1095.0
326 327 2421.00020652622
326 349 764.6868640168994
327 304 447.0011185668331
327 326 2421.00020652622
327 328 1786.0338742588283
328 327 1786.0338742588283
328 329 1996.0062625152257
328 351 2027.3909341811707
329 306 4671.241804916547
329 328 1996.0062625152257
329 330 2661.0227357164763
330 329 2661.0227357164763
330 331 5176.111668038085
330 353 1721.7296535751482
331 308 1793.810748100256
331 330 5176.111668038085
331 332 1996.0202904780301
332 331 1996.0202904780301
332 333 1302.0384018914342
332 355 4178.390240271964
333 310 5128.592886942773
333 332 1302.0384018914342
333 334 1146.027922870992
334 333 1146.027922870992
334 335 1591.0153990455278
334 357 2868.3097810383033
335 312 2379.822682470272
335 334 1591.0153990455278
335 336 1389.0003599711556
336 335 1389.0003599711556
336 337 5207.007777985356
336 359 2572.954138728477
337 314 319.3305497443049
337 336 5207.007777985356
337 338 703.0064011088377
338 337 703.0064011088377
338 339 541.0083178658161
338 361 922.4012142229649
339 316 5687.659624133638
339 338 541.0083178658161
339 340 5740.000783972072
340 339 5740.000783972072
340 341 7710.001621270906
340 363 6664.968492048556
341 318 1477.4630283022314
341 340 7710.001621270906
341 342 2922.0061601577777
342 341 2922.0061601577777
342 343 1034.0947732195536
342 365 2194.6466686006656
343 320 299.90831932442285
343 342 1034.0947732195536
343 344 493.22814193839343
344 343 493.22814193839343
344 367 1823.2040478235012
345 346 6195.003954800997
345 368 4281.735746166501
346 323 4671.903787536726
346 345 6195.003954800997
346 347 5503.000363438113
347 346 5503.000363438113
347 348 2003.0359457583381
347 370 1822.3954016623286
348 325 567.8600179621735
348 347 2003.0359457583381
348 349 1302.0015360974041
349 348 1302.0015360974041
349 350 3848.0001299376277
349 372 3905.0049935947586
350 327 723.4535230406996
350 349 3848.0001299376277
350 351 461.0271141700887
351 350 461.0271141700887
351 352 6670.007496247662
351 374 2266.5694341890344
352 329 2665.285913368395
352 351 6670.007496247662
352 353 1704.0950677705748
353 352 1704.0950677705748
353 354 2702.3110479735674
353 376 1396.8629138179595
354 331 798.0801964715075
354 353 2702.3110479735674
354 355 1410.0907772196795
355 354 1410.0907772196795
355 356 3875.4192031314496
355 378 3526.0982686249686
356 333 1042.741099218785
356 355 3875.4192031314496
356 357 704.0255677175368
357 356 704.0255677175368
357 358 1156.0004325258706
357 380 409.33360477732583
358 335 3301.060435678208
358 357 1156.0004325258706
358 359 2121.0150871693486
359 358 2121.0150871693486
359 360 2901.0
359 382 2427.7318632830934
360 337 5556.466863034459
360 359 2901.0
360 361 5729.002181881239
361 360 5729.002181881239
361 362 7294.011584855072
361 384 3150.634856659845
362 339 5877.673094005824
362 361 7294.011584855072
362 363 6790.001840942313
363 362 6790.001840942313
363 364 1504.0478715785612
363 386 1112.8059129965118
364 341 2571.292671011995
364 363 1504.0478715785612
364 365 1808.0276546557577
365 364 1808.0276546557577
365 366 557.0143624719204
365 388 3801.9871120244475
366 343 648.9568552685148
366 365 557.0143624719204
366 367 721.1102550927978
367 366 721.1102550927978
367 390 360.18051030004386
368 369 1928.0010373441194
368 391 3706.068671786857
369 346 3867.679019774004
369 368 1928.0010373441194
369 370 144.03124660989366
370 369 144.03124660989366
370 371 485.8075750747409
370 393 291.9075196016711
371 348 438.8496325622251
371 370 485.8075750747409
371 372 2863.0006985678506
372 371 2863.0006985678506
372 373 1344.107510580906
372 395 2095.299501264676
373 350 1350.3214432126892
373 372 1344.107510580906
373 374 1395.1161241989857
374 373 1395.1161241989857
374 375 2403.0133166505757
374 397 1257.8107965826975
375 352 6846.950416061153
375 374 2403.0133166505757
375 376 3782.0021152823274
376 375 3782.0021152823274
376 377 2993.000668225786
376 399 2921.13762085938
377 354 4355.4783893391095
377 376 2993.000668225786
377 378 6446.017452660209
378 377 6446.017452660209
378 379 379.38107491017524
378 401 560.8029957123981
379 356 791.3210473632051
379 378 379.38107491017524
379 380 1141.0070113719723
380 379 1141.0070113719723
380 381 361.4000553403389
380 403 339.5114136520303
381 358 568.8769638507082
381 380 361.4000553403389
381 382 5020.039840479356
382 381 5020.039840479356
382 383 3193.090196032677
382 405 1739.7657888348076
383 360 3699.3039885902863
383 382 3193.090196032677
383 384 1086.736398580631
384 383 1086.736398580631
384 385 4138.0030207818845
384 407 3740.6846966832154
385 362 352.95892112255785
385 384 4138.0030207818845
385 386 7820.001023017836
386 385 7820.001023017836
386 387 541.0
386 409 1093.5419516415454
387 364 2047.2620740882198
387 386 541.0
387 388 3996.1126110258706
388 387 3996.1126110258706
388 389 1193.00041911141
388 411 1464.7265956484848
389 366 4435.310248449368
389 388 1193.00041911141
389 390 5292.01143233837
390 389 5292.01143233837
390 413 628.6572993292928
391 392 1926.0584103292404
391 414 1210.3586245406773
392 369 326.7414880299103
392 391 1926.0584103292404
392 393 37.8549864614954
393 392 37.8549864614954
393 394 685.0262768682672
393 416 2031.788374806786
394 371 1222.9513481737529
394 393 685.0262768682672
394 395 405.18761086686743
395 394 405.18761086686743
395 396 2366.1901867770475
395 418 1578.5490172940465
396 373 1665.297871253068
396 395 2366.1901867770475
396 397 4253.002939100795
397 396 4253.002939100795
397 398 4690.001705756619
397 420 2938.4308737828087
398 375 1104.8352818406913
398 397 4690.001705756619
398 399 1941.012622318567
399 398 1941.012622318567
399 400 3445.0052249597534
399 422 1133.6229531903455
400 377 2472.390948050085
400 399 3445.0052249597534
400 401 4458.075818108077
401 400 4458.075818108077
401 402 670.0477594918142
401 424 979.5059979397778
402 379 1545.002912618614
402 401 670.0477594918142
402 403 407.86885147066573
403 402 407.86885147066573
403 404 64.00781202322104
403 426 439.95567958602373
404 381 417.0239801258436
404 403 64.00781202322104
404 405 6998.000285795936
405 404 6998.000285795936
405 406 6139.029402112356
405 428 7834.483071651888
406 383 1268.735591051185
406 405 6139.029402112356
406 407 1412.0354103208601
407 406 1412.0354103208601
407 408 324.39482116704636
407 430 2005.2934947283902
408 385 8197.783175956778
408 407 324.39482116704636
408 409 1426.1265722228163
409 408 1426.1265722228163
409 410 2791.0
409 432 370.8274531369003
410 387 3316.1474635486284
410 409 2791.0
410 411 747.0060240720954
411 410 747.0060240720954
411 412 3342.0073309315167
411 434 2018.027750056971
412 389 5981.27921100495
412 411 3342.0073309315167
412 413 112.0
413 412 112.0
413 436 1159.2760672074621
414 415 30.23243291566195
414 437 270.29243422633937
415 392 3134.2598807373965
415 414 30.23243291566195
415 416 1076.4181343697253
416 415 1076.4181343697253
416 417 752.0664864225769
416 439 1957.324704794787
417 394 651.6417727555531
417 416 752.0664864225769
417 418 574.3840178835062
418 417 574.3840178835062
418 419 392.0012755081289
418 441 1208.4605909999714
419 396 506.2114182829147
419 418 392.0012755081289
419 420 6754.0
420 419 6754.0
420 421 345.0710071854777
420 443 7577.738448904132
421 398 7276.123280978683
421 420 345.0710071854777
421 422 6431.001243974378
422 421 6431.001243974378
422 423 194.06442229321684
422 445 6692.162580212767
423 400 4360.305608555437
423 422 194.06442229321684
423 424 1052.0575079338582
424 423 1052.0575079338582
424 425 784.0312493772171
424 447 549.2831692305891
425 402 567.5147575173706
425 424 784.0312493772171
425 426 279.06450867138227
426 425 279.06450867138227
426 427 1529.064092835876
426 449 1583.025584126801
427 404 1860.6463930580685
427 426 1529.064092835876
427 428 2678.215824014189
428 427 2678.215824014189
428 429 1252.0015974430703
428 451 7841.785638488213
429 406 504.2072986381693
429 428 1252.0015974430703
429 430 1018.0004911590171
430 429 1018.0004911590171
430 431 3006.000166333994
430 453 936.1928220190539
431 408 5325.7128161402015
431 430 3006.000166333994
431 432 3588.0012541803826
432 431 3588.0012541803826
432 433 2029.0482990801377
432 455 590.8240008665863
433 410 4518.45692687227
433 432 2029.0482990801377
433 434 1760.0002840908862
434 433 1760.0002840908862
434 435 1220.0147540091473
434 457 1688.564479076828
435 412 247.8245347014698
435 434 1220.0147540091473
435 436 1131.1277558260163
436 435 1131.1277558260163
436 459 1460.7850629028214
437 438 51.478150704935004
437 460 1690.1931842248093
438 415 252.76471272707352
438 437 51.478150704935004
438 439 2913.1443493242828
439 438 2913.1443493242828
439 440 1004.0841598192852
439 462 1452.3277866927974
440 417 2208.1161654224625
440 439 1004.0841598192852
440 441 1581.0113851582473
441 440 1581.0113851582473
441 442 3626.0
441 464 5228.630413406555
442 419 5211.436846014734
442 441 3626.0
442 443 6027.043885687244
443 442 6027.043885687244
443 444 1387.00036049022
443 466 2208.0090579524353
444 421 5846.604826734914
444 443 1387.00036049022
444 445 6099.005246759508
445 444 6099.005246759508
445 446 6069.013923200375
445 468 5831.303885067216
446 423 490.06224094496406
446 445 6069.013923200375
446 447 1973.0022807893558
447 446 1973.0022807893558
447 448 3875.0046451585063
447 470 5353.899700218524
448 425 2605.618928393022
448 447 3875.0046451585063
448 449 753.3213125884598
449 448 753.3213125884598
449 450 3133.0014363226837
449 472 4999.111120989411
450 427 3108.279427593343
450 449 3133.0014363226837
450 451 8260.000544794171
451 450 8260.000544794171
451 452 7883.0015856905675
451 474 264.61292485439935
452 429 1313.2250378362423
452 451 7883.0015856905675
452 453 3223.0262177028594
453 452 3223.0262177028594
453 454 112.53888216967503
453 476 1151.2540987983496
454 431 2220.2335462739047
454 453 112.53888216967503
454 455 850.0476457234618
455 454 850.0476457234618
455 456 5362.063035810004
455 478 4250.715822070443
456 433 7927.565199984167
456 455 5362.063035810004
456 457 4496.000111209963
457 456 4496.000111209963
457 458 30.265491900843113
457 480 866.7600590705596
458 435 2929.194087116796
458 457 30.265491900843113
458 459 3224.0075992466273
459 458 3224.0075992466273
459 482 4174.979401146789
460 461 1248.0036057640218
460 483 1142.3926645422755
461 438 2973.952588727668
461 460 1248.0036057640218
461 462 1484.005390825788
462 461 1484.005390825788
462 463 6057.000742942005
462 485 2010.11243466628
463 440 3625.6807636635635
463 462 6057.000742942005
463 464 24.73863375370596
464 463 24.73863375370596
464 465 246.0995733437992
464 487 633.1792795093661
465 442 1370.9241408626517
465 464 246.0995733437992
465 466 5181.003474231608
466 465 5181.003474231608
466 467 538.1124417814552
466 489 276.9259828907356
467 444 350.61232151765574
467 466 538.1124417814552
467 468 12.041594578792296
468 467 12.041594578792296
468 469 20.396078054371138
468 491 1596.820904171786
469 446 338.92329515688357
469 468 20.396078054371138
469 470 3114.046402994021
470 469 3114.046402994021
470 471 2795.0087656392066
470 493 2117.3296861849362
471 448 4275.191340747218
471 470 2795.0087656392066
471 472 33.28663395418648
472 471 33.28663395418648
472 473 5093.000098173963
472 495 4598.24368645247
473 450 3042.2577142641944
473 472 5093.000098173963
473 474 5082.000098386461
474 473 5082.000098386461
474 475 25.0
474 497 5188.152754112007
475 452 7718.251162018505
475 474 25.0
475 476 5623.001422727901
476 475 5623.001422727901
476 477 1966.0307729026013
476 499 1923.5573815199796
477 454 964.5413417785678
477 476 1966.0307729026013
477 478 2449.916325101737
478 477 2449.916325101737
478 479 828.009661779378
478 501 2861.633274897397
479 456 373.41264038594085
479 478 828.009661779378
479 480 5037.009926533797
480 479 5037.009926533797
480 481 1311.137673930545
480 503 2448.0002042483575
481 458 517.8465023537381
481 480 1311.137673930545
481 482 494.0495926523976
482 481 494.0495926523976
482 505 3355.4379743932086
483 484 4567.028027065304
483 506 4320.615002519896
484 461 4444.647680075441
484 483 4567.028027065304
484 485 3928.028640425118
485 484 3928.028640425118
485 486 2128.019031869781
485 508 1178.1871667948178
486 463 1952.3895615373485
486 485 2128.019031869781
486 487 1379.0
487 486 1379.0
487 488 466.0525721418132
487 510 425.14232910873505
488 465 286.2516375499012
488 487 466.0525721418132
488 489 5261.054742159598
489 488 5261.054742159598
489 490 2069.024166122764
489 512 4446.5025581911
490 467 2672.7742141827093
490 489 2069.024166122764
490 491 1086.0460395397608
491 490 1086.0460395397608
491 492 335.3356527421443
491 514 3614.203093352669
492 469 1250.7441784793564
492 491 335.3356527421443
492 493 204.55072720476943
493 492 204.55072720476943
493 494 188.06647760831805
493 516 4278.729718035483
494 471 5089.489168865575
494 493 188.06647760831805
494 495 463.0
495 494 463.0
495 496 3474.451323590532
495 518 393.0012722625717
496 473 3988.301016723788
496 495 3474.451323590532
496 497 4071.0962896988817
497 496 4071.0962896988817
497 498 3406.0001467997618
497 520 4428.146903615552
498 475 1778.6413354018287
498 497 3406.0001467997618
498 499 1984.0728313244956
499 498 1984.0728313244956
499 500 1352.005917146815
499 522 2939.037257334449
500 477 1465.972714616476
500 499 1352.005917146815
500 501 1027.017526627467
501 500 1027.017526627467
501 502 3497.001286817035
501 524 3309.1959748555237
502 479 330.6433123473088
502 501 3497.001286817035
502 503 2427.082404863914
503 502 2427.082404863914
503 504 1637.4409913031982
503 526 2095.3166825088756
504 481 601.2803006917821
504 503 1637.4409913031982
504 505 4353.0
505 504 4353.0
505 528 1082.0651551547162
506 507 572.0428305642856
506 529 776.9079739583061
507 484 907.5902159014277
507 506 572.0428305642856
507 508 1984.681334622765
508 507 1984.681334622765
508 509 1006.004473151089
508 531 2189.882416934754
509 486 389.1850459614295
509 508 1006.004473151089
509 510 1402.4621207005914
510 509 1402.4621207005914
510 511 440.00113636216895
511 488 988.2236588950904
511 510 440.00113636216895
511 512 64.51356446515724
512 511 64.51356446515724
512 513 565.0008849550592
513 490 1838.613064241631
513 512 565.0008849550592
513 514 713.0063113325155
514 513 713.0063113325155
514 515 202.06187171260194
515 492 3745.3604632932197
515 514 202.06187171260194
515 516 333.0135132393279
516 515 333.0135132393279
516 517 172.18594600024707
517 494 4294.932479096732
517 516 172.18594600024707
517 518 3816.018867877883
518 517 3816.018867877883
518 519 3858.000518403283
519 496 511.4782497819433
519 518 3858.000518403283
519 520 37.12142238654117
520 519 37.12142238654117
520 521 2228.0002244165057
521 498 1256.8552024795856
521 520 2228.0002244165057
521 522 2155.0837570730287
522 521 2155.0837570730287
522 523 69.0
523 500 4354.192577275378
523 522 69.0
523 524 31.144823004794873
524 523 31.144823004794873
524 525 1372.995630000329
525 502 1624.508848852477
525 524 1372.995630000329
525 526 1204.2806981763015
526 525 1204.2806981763015
526 527 518.1891546530089
527 504 3197.659300175677
527 526 518.1891546530089
527 528 171.74690681348528
528 527 171.74690681348528
529 530 3890.0062981954156
530 507 4006.5189379310314
530 529 3890.0062981954156
530 531 353.27184999657135
531 530 353.27184999657135
