29
0 1 529.5280917949491
0 5 332.41540277189324
1 0 529.5280917949491
1 2 730.0684899377592
2 1 730.0684899377592
2 3 1218.2774724995943
2 7 1521.2166183683375
3 2 1218.2774724995943
3 4 930.0
4 3 930.0
4 9 721.1102550927978
5 6 1549.451515859725
5 10 1531.8289721767244
6 1 1435.4441821262155
6 5 1549.451515859725
6 7 992.9753269845128
7 6 992.9753269845128
7 8 941.7536832951597
7 12 595.3990258641678
8 3 1160.6894502837526
8 7 941.7536832951597
8 9 953.3624704172071
9 8 953.3624704172071
9 14 411.9465984809196
10 11 1780.8424972467385
10 15 784.9203781276162
11 6 1718.4004189943623
11 10 1780.8424972467385
11 12 980.612053770501
12 11 980.612053770501
12 13 788.1624198095212
12 17 700.3570517957252
13 8 1584.9290204927158
13 12 788.1624198095212
13 14 312.40998703626616
14 13 312.40998703626616
14 19 515.4609587543949
15 16 1214.3310915891102
15 20 726.2231062146122
16 11 1951.3328778042971
16 15 1214.3310915891102
16 17 354.682957019364
17 16 354.682957019364
17 18 586.9412236331675
17 22 1431.3629868066312
18 13 586.0034129593445
18 17 586.9412236331675
18 19 629.3647591023825
19 18 629.3647591023825
19 24 914.3850392476902
20 21 1314.7243057006285
20 25 495.17673612559787
21 16 275.13632984395207
21 20 1314.7243057006285
21 22 1539.5129099815954
22 21 1539.5129099815954
22 23 635.6099432828281
22 27 886.1715409558129
23 18 592.3681287847954
23 22 635.6099432828281
23 24 710.2816342831906
24 23 710.2816342831906
25 26 1202.0815280171307
26 21 1336.899397860587
26 25 1202.0815280171307
26 27 529.2447448959697
27 26 529.2447448959697
27 28 902.7181176868004
28 23 1020.0
28 27 902.7181176868004
