52
0 1 666.1080993352356
0 7 426.8782027698299
1 0 666.1080993352356
1 2 649.3265742290239
2 1 649.3265742290239
2 3 603.5105632878351
2 9 487.2627627882106
3 2 603.5105632878351
3 4 104.4030650891055
4 3 104.4030650891055
4 5 35.35533905932738
4 11 382.4264635194589
5 4 35.35533905932738
5 6 957.0397065952907
6 5 957.0397065952907
6 13 1521.7259937321173
7 8 183.43936327844142
7 14 452.54833995939043
8 1 1134.9559462816167
8 7 183.43936327844142
8 9 83.21658488546619
9 8 83.21658488546619
9 10 1082.64721862664
9 16 686.476510887299
10 3 663.1930337390464
10 9 1082.64721862664
10 11 387.07234465923807
11 10 387.07234465923807
11 12 452.133829745132
11 18 768.8465386538461
12 5 744.194195086202
12 11 452.133829745132
12 13 205.54804791094466
13 12 205.54804791094466
13 20 1313.202193114221
14 15 332.41540277189324
14 21 338.60005906674024
15 8 817.9547664755063
15 14 332.41540277189324
15 16 650.7111494357539
16 15 650.7111494357539
16 17 271.6615541441225
16 23 691.158447825099
17 10 1190.094534060215
17 16 271.6615541441225
17 18 258.11818998280614
18 17 258.11818998280614
18 19 512.4451190127583
18 25 945.4760705591655
19 12 919.9184746487049
19 18 512.4451190127583
19 20 278.5677655436824
20 19 278.5677655436824
20 27 952.2210877732125
21 22 174.64249196572982
21 28 428.51487722131657
22 15 249.09837414162303
22 21 174.64249196572982
22 23 412.4621194728069
23 22 412.4621194728069
23 24 147.05441169852742
23 30 420.86221023037933
24 17 562.6944108483751
24 23 147.05441169852742
24 25 412.09828924663105
25 24 412.09828924663105
25 26 126.19429464123962
25 32 917.3058377662272
26 19 761.6429609731846
26 25 126.19429464123962
26 27 110.11357772772621
27 26 110.11357772772621
27 34 597.7039400907443
28 29 259.61509971494337
28 35 430.7261310856354
29 22 179.2344832893492
29 28 259.61509971494337
29 30 305.16389039334257
30 29 305.16389039334257
30 31 190.06577808748213
30 37 385.64880396547323
31 24 408.93153461184676
31 30 190.06577808748213
31 32 758.71602065595
32 31 758.71602065595
32 33 734.0980860893181
32 39 642.0280367709809
33 26 674.258852370512
33 32 734.0980860893181
33 34 21.213203435596427
34 33 21.213203435596427
34 41 678.4725491867744
35 36 85.0
35 42 363.59317925395686
36 29 509.11688245431424
36 35 85.0
36 37 43.01162633521314
37 36 43.01162633521314
37 38 75.66372975210778
37 44 294.10882339705483
38 31 148.07092894960846
38 37 75.66372975210778
38 39 42.720018726587654
39 38 42.720018726587654
39 40 421.0997506529777
39 46 714.370352128362
40 33 441.61634933503086
40 39 421.0997506529777
40 41 796.4923100695951
41 40 796.4923100695951
41 48 627.1562803639935
42 43 455.0
42 49 626.0990336999411
43 36 130.38404810405297
43 42 455.0
43 44 346.77081768799405
44 43 346.77081768799405
44 45 429.563732174866
44 51 1314.961976636587
45 38 186.01075237738274
45 44 429.563732174866
45 46 540.3702434442519
46 45 540.3702434442519
46 47 642.3589339302443
47 40 498.52281793314137
47 46 642.3589339302443
47 48 225.49944567559362
48 47 225.49944567559362
49 50 829.6083413274001
50 43 678.3988502348748
50 49 829.6083413274001
50 51 624.8199740725323
51 50 624.8199740725323
