127
0 1 656.1950929411161
0 11 1044.0
1 0 656.1950929411161
1 2 1870.4437976052636
2 1 1870.4437976052636
2 3 1411.200907029187
2 13 2302.534255988388
3 2 1411.200907029187
3 4 2767.0316225153624
4 3 2767.0316225153624
4 5 2348.820980832724
4 15 1743.8623798912574
5 4 2348.820980832724
5 6 820.2438661763952
6 5 820.2438661763952
6 7 1672.9757918152911
6 17 2091.219739769114
7 6 1672.9757918152911
7 8 676.3904198020549
8 7 676.3904198020549
8 9 1194.293096354492
8 19 905.988962405172
9 8 1194.293096354492
9 10 1037.5355415599024
10 9 1037.5355415599024
10 21 820.2438661763952
11 12 1870.4437976052636
11 22 1357.7451896434766
12 1 778.1516561699268
12 11 1870.4437976052636
12 13 1724.4639746889466
13 12 1724.4639746889466
13 14 1100.472625738596
13 24 2438.760340828922
14 3 518.7677707799512
14 13 1100.472625738596
14 15 991.1044344568336
15 14 991.1044344568336
15 16 1577.7705790133114
15 26 1628.137586323711
16 5 705.6004535145935
16 15 1577.7705790133114
16 17 656.1950929411161
17 16 656.1950929411161
17 18 705.6004535145935
17 28 3603.4760995461033
18 7 366.824208579532
18 17 705.6004535145935
18 19 580.0
19 18 580.0
19 20 418.2439479538228
19 30 1233.0969142772194
20 9 2002.47047418932
20 19 418.2439479538228
20 21 232.0
21 20 232.0
21 32 3623.955849620688
22 23 164.04877323527901
22 33 2757.2885231690934
23 12 1577.7705790133114
23 22 164.04877323527901
23 24 3609.0730111761386
24 23 3609.0730111761386
24 25 1037.5355415599024
24 35 2593.838853899756
25 14 2296.6828252939063
25 24 1037.5355415599024
25 26 676.3904198020549
26 25 676.3904198020549
26 27 2228.2872346266313
26 37 1050.4246760239403
27 16 3764.1955315844048
27 26 2228.2872346266313
27 28 676.3904198020549
28 27 676.3904198020549
28 29 2348.820980832724
28 39 2902.3190727416586
29 18 2138.93431409195
29 28 2348.820980832724
29 30 676.3904198020549
30 29 676.3904198020549
30 31 2606.775786292331
30 41 1755.3985302489004
31 20 3856.0186721539612
31 30 2606.775786292331
31 32 705.6004535145935
32 31 705.6004535145935
32 43 3740.8875952105273
33 34 1182.972527153526
33 44 2391.401262858243
34 23 2345.9548162741753
34 33 1182.972527153526
34 35 418.2439479538228
35 34 418.2439479538228
35 36 164.04877323527901
35 46 3413.6338409384216
36 25 1743.8623798912574
36 35 164.04877323527901
36 37 1615.6930401533577
37 36 1615.6930401533577
37 38 366.824208579532
37 48 4906.4023479531315
38 27 1724.4639746889466
38 37 366.824208579532
38 39 935.2218988026318
39 38 935.2218988026318
39 40 956.5605051432973
39 50 1672.9757918152911
40 29 464.0
40 39 956.5605051432973
40 41 1296.919426949878
41 40 1296.919426949878
41 42 676.3904198020549
41 52 4177.610800445633
42 31 2793.6499422798124
42 41 676.3904198020549
42 43 1815.6871977298292
43 42 1815.6871977298292
43 54 3185.2510105170677
44 45 2438.760340828922
44 55 1870.4437976052636
45 34 3706.5585116115462
45 44 2438.760340828922
45 46 1037.5355415599024
46 45 1037.5355415599024
46 47 844.4927471565401
46 57 3522.2765365598425
47 36 3371.990510069683
47 46 844.4927471565401
47 48 492.1463197058371
48 47 492.1463197058371
48 49 2708.0472669434703
48 59 5032.314775528256
49 38 2906.951667984867
49 48 2708.0472669434703
49 50 624.6791176276025
50 49 624.6791176276025
50 51 1401.6333329369704
50 61 3371.990510069683
51 40 2957.431317883815
51 50 1401.6333329369704
51 52 1982.2088689136672
52 51 1982.2088689136672
52 53 1547.6330314386546
52 63 3913.173648076456
53 42 2345.9548162741753
53 52 1547.6330314386546
53 54 2348.820980832724
54 53 2348.820980832724
54 65 820.2438661763952
55 56 836.4878959076456
55 66 4203.299656222478
56 45 2546.7218144116173
56 55 836.4878959076456
56 57 3095.266062877309
57 56 3095.266062877309
57 58 1648.6697668120198
57 68 5471.70905659283
58 47 5759.256896510174
58 57 1648.6697668120198
58 59 580.0
59 58 580.0
59 60 366.824208579532
59 70 2749.95854514209
60 49 2554.635003283248
60 59 366.824208579532
60 61 259.3838853899756
61 60 259.3838853899756
61 62 9024.1737571924
61 72 2447.0226807285626
62 51 11122.095486013415
62 61 9024.1737571924
62 63 10169.039285989606
63 62 10169.039285989606
63 64 3597.8704812708306
63 74 5644.803628116748
64 53 5453.233902924026
64 63 3597.8704812708306
64 65 2546.7218144116173
65 64 2546.7218144116173
65 76 5323.376372190867
66 67 1249.358235255205
66 77 2647.7492328390917
67 56 5220.0
67 66 1249.358235255205
67 68 1512.4549580070145
68 67 1512.4549580070145
68 69 812.0
68 79 3460.6126625209013
69 58 3321.734486680114
69 68 812.0
69 70 812.0
70 69 812.0
70 71 2311.283626039868
70 81 5453.233902924026
71 60 2240.332118236044
71 70 2311.283626039868
71 72 935.2218988026318
72 71 935.2218988026318
72 73 328.09754647055803
72 83 3123.3955881380125
73 62 6748.967328414029
73 72 328.09754647055803
73 74 2055.5252370136445
74 73 2055.5252370136445
74 75 1069.467157045975
74 85 4658.811865701383
75 64 8471.177486040533
75 74 1069.467157045975
75 76 1142.467505008348
76 75 1142.467505008348
76 87 5726.4537018996325
77 78 1094.341811318566
77 88 8217.189787269124
78 67 2331.5711441000467
78 77 1094.341811318566
78 79 328.09754647055803
79 78 328.09754647055803
79 80 2490.625624215731
79 90 4254.212030447002
80 69 3116.9266914703016
80 79 2490.625624215731
80 81 1972.0
81 80 1972.0
81 82 478.28025257164865
81 92 9527.548268048817
82 71 5818.530398648786
82 81 478.28025257164865
82 83 2365.945054307052
83 82 2365.945054307052
83 84 5971.46548177246
83 94 6763.904198020548
84 73 4884.412758971133
84 83 5971.46548177246
84 85 164.04877323527901
85 84 164.04877323527901
85 86 259.3838853899756
85 96 11844.50319768626
86 75 5136.84883951241
86 85 259.3838853899756
86 87 259.3838853899756
87 86 259.3838853899756
87 98 8989.06446745155
88 89 4204.899998810911
88 99 3950.8176368949253
89 78 3371.990510069683
89 88 4204.899998810911
89 90 591.486263576763
90 89 591.486263576763
90 91 3899.394824841414
90 101 12131.293088537594
91 80 9767.44797784969
91 90 3899.394824841414
91 92 10014.368077916848
92 91 10014.368077916848
92 93 2906.951667984867
92 103 11518.513793020347
93 82 10743.00293214146
93 92 2906.951667984867
93 94 4026.720750188669
94 93 4026.720750188669
94 95 10269.112522511377
94 105 5021.6077106839
95 84 1888.343189147566
95 94 10269.112522511377
95 96 10334.421706123667
96 95 10334.421706123667
96 97 6078.665643050291
96 107 6346.164826097727
97 86 17058.31175702918
97 96 6078.665643050291
97 98 19441.33699106108
98 97 19441.33699106108
98 109 7514.078519685564
99 100 12733.609072058087
99 110 6693.913653461628
100 89 12057.30583505287
100 99 12733.609072058087
100 101 1211.075555033624
101 100 1211.075555033624
101 102 11923.19755770238
101 112 14066.644233789379
102 91 7957.633819170118
102 101 11923.19755770238
102 103 9306.786341159874
103 102 9306.786341159874
103 104 6505.314750263818
103 114 6392.642020323053
104 93 5036.324056293439
104 103 6505.314750263818
104 105 328.09754647055803
105 104 328.09754647055803
105 106 10634.739300989
105 116 3612.7994685562053
106 95 16451.56478879745
106 105 10634.739300989
106 107 10843.363315872064
107 106 10843.363315872064
107 108 5347.335785229875
107 118 7548.026497038812
108 97 15700.761764959048
108 107 5347.335785229875
108 109 1396.8249711399062
109 108 1396.8249711399062
109 120 6960.966599546359
110 111 956.5605051432973
110 121 8326.990332647205
111 100 16381.89439594823
111 110 956.5605051432973
111 112 5800.0
112 111 5800.0
112 113 3558.3839028412885
112 123 2544.078615137512
113 102 3435.2455516309165
113 112 3558.3839028412885
113 114 1142.467505008348
114 113 1142.467505008348
114 115 2002.47047418932
114 125 6847.9310744194845
115 104 1920.1416614406344
115 114 2002.47047418932
115 116 4782.802525716486
116 115 4782.802525716486
116 117 7626.062680046631
117 106 6668.739011237431
117 116 7626.062680046631
117 118 12221.908852548362
118 117 12221.908852548362
118 119 8622.319873444732
119 108 6210.064089846416
119 118 8622.319873444732
119 120 1512.4549580070145
120 119 1512.4549580070145
121 122 2498.71647051041
122 111 7215.34919459897
122 121 2498.71647051041
122 123 5926.226455342387
123 122 5926.226455342387
123 124 4304.5222731448375
124 113 4518.047365842904
124 123 4304.5222731448375
124 125 9312.567852101804
125 124 9312.567852101804
125 126 10006.97516735202
126 115 8959.075845197427
126 125 10006.97516735202
