14051
0 1 69.35416353759881
0 118 910.7634160417292
1 0 69.35416353759881
1 2 12.041594578792296
2 1 12.041594578792296
2 3 297.00168349691216
2 120 1145.948079103063
3 2 297.00168349691216
3 4 16.278820596099706
4 3 16.278820596099706
4 5 217.03686322834653
4 122 442.16399672519697
5 4 217.03686322834653
5 6 867.0092271711991
6 5 867.0092271711991
6 7 956.0047071013825
6 124 2138.203451498477
7 6 956.0047071013825
7 8 172.04650534085255
8 7 172.04650534085255
8 9 379.0052770081177
8 126 935.6078238236361
9 8 379.0052770081177
9 10 1188.0004208753464
10 9 1188.0004208753464
10 11 1038.0
10 128 547.9507277118993
11 10 1038.0
11 12 943.0
12 11 943.0
12 13 1106.0018083167856
12 130 1390.3582272205965
13 12 1106.0018083167856
13 14 130.0
14 13 130.0
14 15 813.0006150059174
14 132 1145.3911995471242
15 14 813.0006150059174
15 16 1871.0096204990502
16 15 1871.0096204990502
16 17 79.00632886041473
16 134 1808.0514373214055
17 16 79.00632886041473
17 18 884.0005656106788
18 17 884.0005656106788
18 19 948.0047468235589
18 136 346.95388742598055
19 18 948.0047468235589
19 20 23.0
20 19 23.0
20 21 1016.0004921258651
20 138 108.15729286552988
21 20 1016.0004921258651
21 22 1067.0004686034586
22 21 1067.0004686034586
22 23 1041.000480307286
22 140 1129.5246787919243
23 22 1041.000480307286
23 24 152.0
24 23 152.0
24 25 720.0062499728735
24 142 924.6431744191918
25 24 720.0062499728735
25 26 1110.000450450359
26 25 1110.000450450359
26 27 194.02319448973105
26 144 257.76927667974707
27 26 194.02319448973105
27 28 1026.000487329319
28 27 1026.000487329319
28 29 1291.0
28 146 1768.5533636280247
29 28 1291.0
29 30 1108.000451263446
30 29 1108.000451263446
30 31 930.0048386970898
30 148 276.9205662279348
31 30 930.0048386970898
31 32 920.0048912913453
32 31 920.0048912913453
32 33 1003.0004985043627
32 150 95.1892851112981
33 32 1003.0004985043627
33 34 243.00205760445732
34 33 243.00205760445732
34 35 1154.000433275482
34 152 94.26027795418386
35 34 1154.000433275482
35 36 2065.0002421307363
36 35 2065.0002421307363
36 37 88.0
36 154 1305.388830961871
37 36 88.0
37 38 15.033296378372908
38 37 15.033296378372908
38 39 102.0196059588548
38 156 769.7610018700609
39 38 102.0196059588548
39 40 45.0
40 39 45.0
40 41 1113.0
40 158 243.46252278328177
41 40 1113.0
41 42 996.0045180620417
42 41 996.0045180620417
42 43 28.0178514522438
42 160 176.81911661356077
43 42 28.0178514522438
43 44 172.00290695217916
44 43 172.00290695217916
44 45 2014.002234358244
44 162 185.80904176062046
45 44 2014.002234358244
45 46 2045.0009779948762
46 45 2045.0009779948762
46 47 165.01212076693034
46 164 90.47098982546837
47 46 165.01212076693034
47 48 119.01680553602503
48 47 119.01680553602503
48 49 1151.0
48 166 1658.1800264145024
49 48 1151.0
49 50 21.02379604162864
50 49 21.02379604162864
50 51 204.00980368599937
50 168 455.99232449680557
51 50 204.00980368599937
51 52 49.01020301937138
52 51 49.01020301937138
52 53 837.0023894828497
52 170 267.21714016881475
53 52 837.0023894828497
53 54 20.0
54 53 20.0
54 55 39.0
54 172 1436.400013923698
55 54 39.0
55 56 1736.0
56 55 1736.0
56 57 1970.0002538070903
56 174 1888.9134442848354
57 56 1970.0002538070903
57 58 876.0005707760697
58 57 876.0005707760697
58 59 448.0
58 176 171.91858538273283
59 58 448.0
59 60 1062.0004708096885
60 59 1062.0004708096885
60 61 635.0
60 178 823.1949951256993
61 60 635.0
61 62 413.0
62 61 413.0
62 63 1223.0004088306757
62 180 114.02192771568107
63 62 1223.0004088306757
63 64 151.00331122197287
64 63 151.00331122197287
64 65 84.0
64 182 1198.0191985106082
65 64 84.0
65 66 164.00304875214974
66 65 164.00304875214974
66 67 65.0
66 184 89.1852005660132
67 66 65.0
67 68 248.0020161208372
68 67 248.0020161208372
68 69 1170.0
68 186 1527.367015487764
69 68 1170.0
69 70 1035.0004830916746
70 69 1035.0004830916746
70 71 44.01136216933077
70 188 109.48059188732951
71 70 44.01136216933077
71 72 219.0091322296858
72 71 219.0091322296858
72 73 764.0
72 190 262.4690457939755
73 72 764.0
73 74 903.0005537096863
74 73 903.0005537096863
74 75 1956.0
74 192 1551.1689140773806
75 74 1956.0
75 76 1006.0004970177698
76 75 1006.0004970177698
76 77 292.00171232374646
76 194 87.31551981177229
77 76 292.00171232374646
77 78 631.0071314969427
78 77 631.0071314969427
78 79 221.00226243185838
78 196 1315.4349090700002
79 78 221.00226243185838
79 80 1052.0004752850637
80 79 1052.0004752850637
80 81 94.0
80 198 1377.210586656957
81 80 94.0
81 82 1015.0
82 81 1015.0
82 83 803.0
82 200 1039.0076996827308
83 82 803.0
83 84 14.0
84 83 14.0
84 85 2008.0002490039685
84 202 1814.7641720069305
85 84 2008.0002490039685
85 86 585.003418793429
86 85 585.003418793429
86 87 50.0
86 204 448.8295890424338
87 86 50.0
87 88 753.0006640103314
88 87 753.0006640103314
88 89 138.01449199268893
88 206 105.55093557141026
89 88 138.01449199268893
89 90 747.000669343743
90 89 747.000669343743
90 91 459.0
90 208 855.5629725508228
91 90 459.0
91 92 1306.000382848336
92 91 1306.000382848336
92 93 1468.0003405994155
92 210 1006.106356206937
93 92 1468.0003405994155
93 94 1340.0003731342765
94 93 1340.0003731342765
94 95 771.0
94 212 96.83491106000976
95 94 771.0
95 96 437.0
96 95 437.0
96 97 1275.0003921568025
96 214 1106.8947556113906
97 96 1275.0003921568025
97 98 50.0
98 97 50.0
98 99 1739.0002875215403
98 216 1047.9818700721878
99 98 1739.0002875215403
99 100 108.0
100 99 108.0
100 101 1926.0010384213192
100 218 1757.7761518464176
101 100 1926.0010384213192
101 102 116.00431026474836
102 101 116.00431026474836
102 103 182.0
102 220 1759.6420090461581
103 102 182.0
103 104 12.0
104 103 12.0
104 105 1537.0003253090092
104 222 382.4604554721965
105 104 1537.0003253090092
105 106 1639.000305064035
106 105 1639.000305064035
106 107 164.00304875214974
106 224 116.10340218959993
107 106 164.00304875214974
107 108 626.0007987215351
108 107 626.0007987215351
108 109 811.0
108 226 538.5331930345612
109 108 811.0
109 110 319.0015673942685
110 109 319.0015673942685
110 111 975.0
110 228 1194.4844076001998
111 110 975.0
111 112 1803.0011092619993
112 111 1803.0011092619993
112 113 571.0
112 230 867.3361516736172
113 112 571.0
113 114 218.0
114 113 218.0
114 115 398.0
114 232 677.3905815701899
115 114 398.0
115 116 195.00256408570633
116 115 195.00256408570633
116 117 1176.0017006790424
116 234 583.373808119631
117 116 1176.0017006790424
118 119 945.0
118 236 250.76881783826315
119 1 128.4562182223967
119 118 945.0
119 120 1102.0004537204147
120 119 1102.0004537204147
120 121 1126.0
120 238 142.00352108310554
121 3 310.291798151353
121 120 1126.0
121 122 157.0
122 121 157.0
122 123 114.00438588054409
122 240 1405.2789758620884
123 5 151.64761785138597
123 122 114.00438588054409
123 124 1362.0014684279897
124 123 1362.0014684279897
124 125 2046.0
124 242 176.20442673213407
125 7 874.4626921715986
125 124 2046.0
125 126 1968.0002540650241
126 125 1968.0002540650241
126 127 2023.0
126 244 1297.407414808471
127 9 723.260672233739
127 126 2023.0
127 128 1366.0003660321618
128 127 1366.0003660321618
128 129 339.0
128 246 523.0009560220708
129 11 195.25624189766637
129 128 339.0
129 130 281.00177935379696
130 129 281.00177935379696
130 131 683.0007320640293
130 248 761.2154754075879
131 13 969.1491113342673
131 130 683.0007320640293
131 132 47.042533945356304
132 131 47.042533945356304
132 133 119.0
132 250 84.581321815162
133 15 1837.295838998173
133 132 119.0
133 134 1768.0002828054073
134 133 1768.0002828054073
134 135 1746.0002863688196
134 252 1712.776984899085
135 17 106.88779163215975
135 134 1746.0002863688196
135 136 573.0
136 135 573.0
136 137 163.00306745579974
136 254 756.9266807293822
137 19 786.6409600319577
137 136 163.00306745579974
137 138 790.0006329111388
138 137 790.0006329111388
138 139 112.0
138 256 455.38664890398354
139 21 942.5354104753836
139 138 112.0
139 140 995.0
140 139 995.0
140 141 1244.0016077160028
140 258 1242.3884255739024
141 23 1164.4758477529708
141 140 1244.0016077160028
141 142 393.0
142 141 393.0
142 143 300.00166666203705
142 260 760.8054941967756
143 25 1941.5769364101955
143 142 300.00166666203705
143 144 1067.0
144 143 1067.0
144 145 338.0
144 262 163.71010964506743
145 27 393.8781537480849
145 144 338.0
145 146 358.0
146 145 358.0
146 147 1706.0026377470815
146 264 403.41665805962947
147 29 1234.8947323557584
147 146 1706.0026377470815
147 148 136.0036764208968
148 147 136.0036764208968
148 149 817.0
148 266 457.0306335465928
149 31 383.938797206013
149 148 817.0
149 150 533.0037523320075
150 149 533.0037523320075
150 151 23.021728866442675
150 268 99.08582138732059
151 33 1015.3605271035506
151 150 23.021728866442675
151 152 761.0006570299397
152 151 761.0006570299397
152 153 1011.0004945597208
152 270 658.8368538568558
153 35 2174.033118422992
153 152 1011.0004945597208
153 154 1409.0003548615593
154 153 1409.0003548615593
154 155 1257.0003977724111
154 272 630.8953954499906
155 37 104.27847332982968
155 154 1257.0003977724111
155 156 792.0
156 155 792.0
156 157 874.0005720821927
156 274 1146.0789676108711
157 39 93.34345183246653
157 156 874.0005720821927
157 158 278.0
158 157 278.0
158 159 1194.0
158 276 463.47060316701857
159 41 319.82026202228025
159 158 1194.0
159 160 1151.0017376181497
160 159 1151.0017376181497
160 161 642.0
160 278 344.19325966671687
161 43 770.3934059946256
161 160 642.0
161 162 775.0006451610218
162 161 775.0006451610218
162 163 932.0
162 280 136.69308687713507
163 45 924.1991127457329
163 162 932.0
163 164 1146.0017451993692
164 163 1146.0017451993692
164 165 37.0
164 282 320.73197533142843
165 47 172.03778654702577
165 164 37.0
165 166 1686.000296559879
166 165 1686.000296559879
166 167 314.00159235265033
166 284 450.3176656539248
167 49 209.46837470128995
167 166 314.00159235265033
167 168 278.0
168 167 278.0
168 169 1358.0003681884625
168 286 360.4719129141687
169 51 710.9796058959779
169 168 1358.0003681884625
169 170 403.0
170 169 403.0
170 171 1248.0
170 288 124.80785231707178
171 53 1832.7907682002328
171 170 1248.0
171 172 377.0053050024628
172 171 377.0053050024628
172 173 1474.0003392129868
172 290 1697.4030163753098
173 55 115.31261856362468
173 172 1474.0003392129868
173 174 72.00694410957877
174 173 72.00694410957877
174 175 95.00526301210897
174 292 509.42516624132344
175 57 85.84287972802403
175 174 95.00526301210897
175 176 738.0
176 175 738.0
176 177 315.0
176 294 552.0806100561765
177 59 295.2033197645311
177 176 315.0
177 178 40.0
178 177 40.0
178 179 763.0
178 296 223.59114472626146
179 61 950.630317210639
179 178 763.0
179 180 610.0032786797133
180 179 610.0032786797133
180 181 119.00420160649792
180 298 926.4259279618635
181 63 1268.8502669740035
181 180 119.00420160649792
181 182 80.00624975587844
182 181 80.00624975587844
182 183 218.0
182 300 549.9745448654874
183 65 1331.7154350686185
183 182 218.0
183 184 1520.0003289473327
184 183 1520.0003289473327
184 185 811.000616522577
184 302 118.98319209031165
185 67 724.1249892111168
185 184 811.000616522577
185 186 558.0
186 185 558.0
186 187 1902.0002628811596
186 304 1024.19382931162
187 69 1549.3885890892575
187 186 1902.0002628811596
187 188 581.0
188 187 581.0
188 189 37.0
188 306 132.4009063413087
189 71 171.91858538273283
189 188 37.0
189 190 180.00277775634464
190 189 180.00277775634464
190 191 224.0
190 308 104.89041900955492
191 73 793.3536411966608
191 190 224.0
191 192 1435.0
192 191 1435.0
192 193 1778.000281214826
192 310 347.9109081359767
193 75 2186.5758619357343
193 192 1778.000281214826
193 194 1209.0
194 193 1209.0
194 195 1004.0004980078446
194 312 1223.9464857582623
195 77 1328.5330255586423
195 194 1004.0004980078446
195 196 2008.0002490039685
196 195 2008.0002490039685
196 197 71.0
196 314 1294.7347218639036
197 79 1024.0517565045236
197 196 71.0
197 198 1344.0
198 197 1344.0
198 199 1461.0003422313082
198 316 1412.6376039168715
199 81 196.57314160383152
199 198 1461.0003422313082
199 200 159.0
200 199 159.0
200 201 740.0006756753672
200 318 249.7218452598811
201 83 2580.2404926673016
201 200 740.0006756753672
201 202 780.0
202 201 780.0
202 203 141.0
202 320 279.6462050520264
203 85 345.16228067388823
203 202 141.0
203 204 193.00259065618783
204 203 193.00259065618783
204 205 1344.0
204 322 886.6115271075603
205 87 855.5629725508228
205 204 1344.0
205 206 1535.001302931043
206 205 1535.001302931043
206 207 726.0006887049075
206 324 270.4311372604863
207 89 662.6069724957624
207 206 726.0006887049075
207 208 763.0006553077134
208 207 763.0006553077134
208 209 53.009433122794285
208 326 422.19071519871204
209 91 1260.478083903088
209 208 53.009433122794285
209 210 955.0005235600659
210 209 955.0005235600659
210 211 1001.001998000004
210 328 554.7044257981001
211 93 1468.1811877285447
211 210 1001.001998000004
211 212 182.0
212 211 182.0
212 213 1755.0
212 330 294.8101083748656
213 95 1042.9961649018658
213 212 1755.0
213 214 1707.0002929115155
214 213 1707.0002929115155
214 215 880.0
214 332 220.20445045457188
215 97 1053.9648950510639
215 214 880.0
215 216 44.0
216 215 44.0
216 217 1116.0004480285838
216 334 592.3596880274687
217 99 1811.7232128556502
217 216 1116.0004480285838
217 218 162.0
218 217 162.0
218 219 84.0
218 336 275.30528509274933
219 101 265.41476974727686
219 218 84.0
219 220 1620.0
220 219 1620.0
220 221 45.0111097397076
220 338 1954.0483617351952
221 103 1532.935093211712
221 220 45.0111097397076
221 222 1893.0023771775882
222 221 1893.0023771775882
222 223 127.0
222 340 1031.8047295879196
223 105 1785.7483025331426
223 222 127.0
223 224 59.0
224 223 59.0
224 225 182.0
224 342 1246.493481731854
225 107 271.1623130156549
225 224 182.0
225 226 167.0029939851379
226 225 167.0029939851379
226 227 1115.0
226 344 490.8054604423223
227 109 241.59884105682295
227 226 1115.0
227 228 1282.0003900155414
228 227 1282.0003900155414
228 229 29.0
228 346 1867.9638647468532
229 111 2139.386126906501
229 228 29.0
229 230 1199.000417014106
230 229 1199.000417014106
230 231 512.0
230 348 189.10843450253614
231 113 808.579618837873
231 230 512.0
231 232 86.00581375697809
232 231 86.00581375697809
232 233 1583.0012634233744
232 350 2172.856414952447
233 115 1310.3835316425493
233 232 1583.0012634233744
233 234 535.000934578623
234 233 535.000934578623
234 235 703.0007112371935
234 352 360.69377593742865
235 117 130.80137613954986
235 234 703.0007112371935
236 237 1960.0
236 354 109.9317970379817
237 119 781.0057618225361
237 236 1960.0
237 238 1761.0002839295626
238 237 1761.0002839295626
238 239 169.0
238 356 1062.4768232766303
239 121 842.7111011491423
239 238 169.0
239 240 407.0012284993744
240 239 407.0012284993744
240 241 196.0
240 358 1323.185550102479
241 123 1095.8512672803731
241 240 196.0
241 242 111.00450441310929
242 241 111.00450441310929
242 243 122.0
242 360 1869.809081163101
243 125 1767.7216975530962
243 242 122.0
243 244 1093.0018298246348
244 243 1093.0018298246348
244 245 1389.0003599711556
244 362 937.5563983035901
245 127 2118.5110337215615
245 244 1389.0003599711556
245 246 234.0
246 245 234.0
246 247 1222.0004091652343
246 364 228.47319317591726
247 129 374.641161646715
247 246 1222.0004091652343
247 248 1404.0003561253109
248 247 1404.0003561253109
248 249 23.0
248 366 413.2844057062884
249 131 94.03190947758107
249 248 23.0
249 250 39.0
250 249 39.0
250 251 1153.0004336512627
250 368 64.35060217278468
251 133 1071.8418726659263
251 250 1153.0004336512627
251 252 1012.0004940710256
252 251 1012.0004940710256
252 253 856.0
252 370 328.46917663610384
253 135 894.3209714638251
253 252 856.0
253 254 435.0
254 253 435.0
254 255 1915.000261096588
254 372 1976.7652870282805
255 137 1327.2354727025645
255 254 1915.000261096588
255 256 86.0
256 255 86.0
256 257 1346.0
256 374 463.2763753959401
257 139 788.670400103871
257 256 1346.0
257 258 1030.0004854367787
258 257 1030.0004854367787
258 259 108.0
258 376 195.88006534611938
259 141 134.79243302203577
259 258 108.0
259 260 1038.0004816954565
260 259 1038.0004816954565
260 261 664.0
260 378 1439.1692047844826
261 143 1722.6334491121436
261 260 664.0
261 262 509.00098231732323
262 261 509.00098231732323
262 263 718.0006963784924
262 380 104.84750831564858
263 145 914.2483251283537
263 262 718.0006963784924
263 264 873.0
264 263 873.0
264 265 697.0
264 382 532.1700855929428
265 147 2008.3637618718378
265 264 697.0
265 266 2594.0001927524986
266 265 2594.0001927524986
266 267 1210.0
266 384 2517.6453284765907
267 149 94.02127418834527
267 266 1210.0
267 268 542.00092250844
268 267 542.00092250844
268 269 655.0
268 386 72.62231062146122
269 151 615.2276001611111
269 268 655.0
269 270 805.0
270 269 805.0
270 271 1446.0003457814248
270 388 571.9484242482009
271 153 231.1730953203681
271 270 1446.0003457814248
271 272 562.0
272 271 562.0
272 273 805.0
272 390 577.9178142262099
273 155 1436.6579272742695
273 272 805.0
273 274 501.0
274 273 501.0
274 275 2167.0009229347365
274 392 1996.8718035968159
275 157 164.62381358722072
275 274 2167.0009229347365
275 276 31.016124838541646
276 275 31.016124838541646
276 277 233.0
276 394 1538.056565929875
277 159 1420.7751405482854
277 276 233.0
277 278 69.00724599634447
278 277 69.00724599634447
278 279 62.0
278 396 1492.051272577454
279 161 919.6678748330834
279 278 62.0
279 280 24.0
280 279 24.0
280 281 749.0
280 398 517.2620225765661
281 163 308.80738333142233
281 280 749.0
281 282 1158.0038860038424
282 281 1158.0038860038424
282 283 539.0
282 400 208.65521800328887
283 165 201.54652068443156
283 282 539.0
283 284 1052.0
284 283 1052.0
284 285 43.0
284 402 640.4529647054497
285 167 111.21151019566275
285 284 43.0
285 286 12.0
286 285 12.0
286 287 12.0
286 404 1358.196598434851
287 169 1018.2067569997755
287 286 12.0
287 288 717.002789394853
288 287 717.002789394853
288 289 961.0005202912223
288 406 688.201278696865
289 171 2314.0589880121897
289 288 961.0005202912223
289 290 240.00208332429116
290 289 240.00208332429116
290 291 333.0
290 408 222.89235069871734
291 173 130.17296186228538
291 290 333.0
291 292 322.0
292 291 322.0
292 293 561.0
292 410 645.3479681536155
293 175 1162.8744558205756
293 292 561.0
293 294 971.0005149329222
294 293 971.0005149329222
294 295 165.00303027520434
294 412 611.4785360092372
295 177 701.3044987735356
295 294 165.00303027520434
295 296 951.0
296 295 951.0
296 297 1236.0004045306782
296 414 984.5374548487224
297 179 1787.3323697622666
297 296 1236.0004045306782
297 298 252.0
298 297 252.0
298 299 51.0098029794274
298 416 357.2590096834508
299 181 1096.0497251493657
299 298 51.0098029794274
299 300 628.0
300 299 628.0
300 301 512.0
300 418 267.7106647109898
301 183 260.4995201531089
301 300 512.0
301 302 1169.0004277159182
302 301 1169.0004277159182
302 303 457.00109409059405
302 420 1214.2013836262913
303 185 263.40273347101015
303 302 457.00109409059405
303 304 209.00239233080563
304 303 209.00239233080563
304 305 1033.0004840269921
304 422 826.7006713436248
305 187 1914.1729284471662
305 304 1033.0004840269921
305 306 1445.0013840823822
306 305 1445.0013840823822
306 307 181.0
306 424 278.7059382216317
307 189 75.64390259630977
307 306 181.0
307 308 132.00378782444085
308 307 132.00378782444085
308 309 698.0
308 426 1420.8800090085017
309 191 557.288076312422
309 308 698.0
309 310 541.0
310 309 541.0
310 311 338.0
310 428 892.5161062972477
311 193 1776.3020576467281
311 310 338.0
311 312 1788.0002796420363
312 311 1788.0002796420363
312 313 1135.0
312 430 158.14550262337528
313 195 1093.1171026015465
313 312 1135.0
313 314 376.0
314 313 376.0
314 315 1683.0002970885062
314 432 488.8813762049031
315 197 465.98819727542457
315 314 1683.0002970885062
315 316 394.0
316 315 394.0
316 317 1183.0004226541932
316 434 1824.7698485014487
317 199 1234.8736777500767
317 316 1183.0004226541932
317 318 1314.0003805174488
318 317 1314.0003805174488
318 319 92.0
318 436 74.24957912338628
319 201 595.8926077742532
319 318 92.0
319 320 83.00602387778854
320 319 83.00602387778854
320 321 93.0
320 438 1356.9966838574073
321 203 326.377082528783
321 320 93.0
321 322 1010.0
322 321 1010.0
322 323 723.0
322 440 205.9368835347374
323 205 271.64867016055865
323 322 723.0
323 324 1536.000325520799
324 323 1536.000325520799
324 325 1406.0
324 442 1841.7342370711362
325 207 944.3092713724673
325 324 1406.0
325 326 2122.000235626754
326 325 2122.000235626754
326 327 31.0
326 444 82.3286098510111
327 209 443.78598445647197
327 326 31.0
327 328 1945.0
328 327 1945.0
328 329 1362.0003671071458
328 446 586.400034106411
329 211 200.1724256734678
329 328 1362.0003671071458
329 330 280.0
330 329 280.0
330 331 249.0020080240318
330 448 1029.365338448891
331 213 1717.1930584532422
331 330 249.0020080240318
331 332 220.0
332 331 220.0
332 333 470.0
332 450 779.9416644852357
333 215 208.73428084528905
333 332 470.0
333 334 832.0
334 333 832.0
334 335 1863.000268384307
334 452 2151.7288397937136
335 217 170.09703113223347
335 334 1863.000268384307
335 336 52.0
336 335 52.0
336 337 343.0
336 454 278.88707392061036
337 219 63.63961030678928
337 336 343.0
337 338 324.0015432062014
338 337 324.0015432062014
338 339 21.0
338 456 388.0618507403169
339 221 1888.0513764196144
339 338 21.0
339 340 1024.0004882811336
340 339 1024.0004882811336
340 341 247.0
340 458 904.8607627696098
341 223 1151.6166897019164
341 340 247.0
341 342 154.0
342 341 154.0
342 343 78.0
342 460 778.2396803042107
343 225 1142.6294237415734
343 342 78.0
343 344 1795.0002785515105
344 343 1795.0002785515105
344 345 944.0
344 462 1791.9388940474505
345 227 660.8214584893562
345 344 944.0
345 346 1243.0
346 345 1243.0
346 347 443.00112866673373
346 464 452.8598017046777
347 229 1396.3330548261042
347 346 443.00112866673373
347 348 17.029386365926403
348 347 17.029386365926403
348 349 11.0
348 466 74.81310045707235
349 231 327.72702055216627
349 348 11.0
349 350 1764.0002834466893
350 349 1764.0002834466893
350 351 1365.0
350 468 2051.8484349483515
351 233 778.2396803042107
351 350 1365.0
351 352 115.0
352 351 115.0
352 353 1237.0004042036526
352 470 1135.6394674367389
353 235 187.21111078138497
353 352 1237.0004042036526
354 355 1144.0
354 472 1112.618982401433
355 237 724.2465049967449
355 354 1144.0
355 356 22.0
356 355 22.0
356 357 465.001075267574
356 474 1972.0387927218876
357 239 430.7876507050777
357 356 465.001075267574
357 358 488.0
358 357 488.0
358 359 570.0
358 476 1160.7109890063073
359 241 1696.9242764484218
359 358 570.0
359 360 62.0
360 359 62.0
360 361 1768.0002828054073
360 478 2295.892201302143
361 243 59.80802621722272
361 360 1768.0002828054073
361 362 178.0
362 361 178.0
362 363 903.0
362 480 1166.7021899353751
363 245 1357.0353716834354
363 362 903.0
363 364 1344.000372023758
364 363 1344.000372023758
364 365 313.0
364 482 67.77905281132217
365 247 1132.2411403936885
365 364 313.0
365 366 137.0
366 365 137.0
366 367 267.00187265260894
366 484 1612.2313729734947
367 249 131.18307817702708
367 366 267.00187265260894
367 368 116.00431026474836
368 367 116.00431026474836
368 369 12.041594578792296
368 486 497.87548644214246
369 251 1177.2391430801135
369 368 12.041594578792296
369 370 488.00102458908833
370 369 488.00102458908833
370 371 691.0
370 488 742.5099325934974
371 253 167.91962362987834
371 370 691.0
371 372 1700.0002941176217
372 371 1700.0002941176217
372 373 1200.0
372 490 706.6378138763874
373 255 1140.2793517379853
373 372 1200.0
373 374 593.000843169721
374 373 593.000843169721
374 375 1916.0
374 492 155.46703830716015
375 257 1031.467401326867
375 374 1916.0
375 376 2248.000222419918
376 375 2248.000222419918
376 377 1616.0012376232885
376 494 1146.5709746893124
377 259 1321.2301086487546
377 376 1616.0012376232885
377 378 1720.0011627903045
378 377 1720.0011627903045
378 379 88.0
378 496 58.05170109479997
379 261 2014.8349808358996
379 378 88.0
379 380 1417.0
380 379 1417.0
380 381 969.00206398129
380 498 1185.371249862253
381 263 343.92586410446074
381 380 969.00206398129
381 382 683.0
382 381 683.0
382 383 709.0
382 500 811.9334948134607
383 265 520.2432123536067
383 382 709.0
383 384 440.0
384 383 440.0
384 385 2037.0002454589935
384 502 2464.6592056509558
385 267 732.3004847738392
385 384 2037.0002454589935
385 386 143.0
386 385 143.0
386 387 234.00213674238105
386 504 279.8660393831306
387 269 469.5955706775778
387 386 234.00213674238105
387 388 702.0
388 387 702.0
388 389 602.0
388 506 1444.125340820526
389 271 1480.0979697303824
389 388 602.0
389 390 1492.0003351206058
390 389 1492.0003351206058
390 391 1903.0
390 508 1461.0735778871644
391 273 526.2062333344219
391 390 1903.0
391 392 2018.000247770054
392 391 2018.000247770054
392 393 545.0009174304205
392 510 67.67569726275453
393 275 378.4706065205064
393 392 545.0009174304205
393 394 1880.0
394 393 1880.0
394 395 1.0
394 512 1402.1590494662153
395 277 1306.2442344370368
395 394 1.0
395 396 117.0
396 395 117.0
396 397 1122.0004456327101
396 514 2169.775333991978
397 279 312.2466973404202
397 396 1122.0004456327101
397 398 797.0006273523252
398 397 797.0006273523252
398 399 107.0
398 516 241.58021442162848
399 281 1157.4541027617468
399 398 107.0
399 400 199.00251254695254
400 399 199.00251254695254
400 401 201.0
400 518 487.11497616065964
401 283 148.00337833982033
401 400 201.0
401 402 551.0
402 401 551.0
402 403 802.0006234411542
402 520 145.23085071705668
403 285 1484.0950104356527
403 402 802.0006234411542
403 404 138.0
404 403 138.0
404 405 1025.0
404 522 1603.9778676777307
405 287 348.69040709488985
405 404 1025.0
405 406 313.0
406 405 313.0
406 407 59.0
406 524 607.6791916792939
407 289 1706.8544167561568
407 406 59.0
407 408 1250.001599998976
408 407 1250.001599998976
408 409 93.0
408 526 1077.4562636135167
409 291 60.00833275470999
409 408 93.0
409 410 989.0
410 409 989.0
410 411 555.0
410 528 1776.9468196881976
411 293 639.3700024242614
411 410 555.0
411 412 2217.000225529984
412 411 2217.000225529984
412 413 1807.0
412 530 489.33117619869677
413 295 1034.4104601172592
413 412 1807.0
413 414 1065.0004694834645
414 413 1065.0004694834645
414 415 471.0
414 532 1238.3125615126417
415 297 726.0110192001221
415 414 471.0
415 416 825.0006060603835
416 415 825.0006060603835
416 417 1784.0
416 534 2190.767901901066
417 299 1482.9834793415603
417 416 1784.0
417 418 592.0008445939922
418 417 592.0008445939922
418 419 191.0
418 536 877.9846240111498
419 301 80.65977932030313
419 418 191.0
419 420 103.0
420 419 103.0
420 421 1510.0003311257915
420 538 391.62354372534855
421 303 755.9312138018909
421 420 1510.0003311257915
421 422 1370.0
422 421 1370.0
422 423 1202.0004159733057
422 540 851.3342469324255
423 305 1410.9957476902614
423 422 1202.0004159733057
423 424 239.0
424 423 239.0
424 425 723.0
424 542 199.5419755339713
425 307 817.5921966359513
425 424 723.0
425 426 472.0
426 425 472.0
426 427 1267.0003946329298
426 544 569.72010671908
427 309 547.3810373039972
427 426 1267.0003946329298
427 428 195.00256408570633
428 427 195.00256408570633
428 429 1196.0
428 546 256.12496949731394
429 311 61.587336360651285
429 428 1196.0
429 430 1904.0010504198783
430 429 1904.0010504198783
430 431 229.0
430 548 443.4974633523849
431 313 1056.3304407239243
431 430 229.0
431 432 945.0
432 431 945.0
432 433 82.00609733428362
432 550 493.1703559623186
433 315 1116.2589305353843
433 432 82.00609733428362
433 434 1103.0
434 433 1103.0
434 435 2490.0002008032047
434 552 991.0045408574069
435 317 1849.7594438196552
435 434 2490.0002008032047
435 436 588.0
436 435 588.0
436 437 96.0
436 554 1437.3812994470186
437 319 77.15568676384133
437 436 96.0
437 438 1216.000411184141
438 437 1216.000411184141
438 439 258.0
438 556 1895.081000907349
439 321 1521.8886293024204
439 438 258.0
439 440 710.0007042250029
440 439 710.0007042250029
440 441 496.0
440 558 953.1510898068574
441 323 429.2842880889074
441 440 496.0
441 442 731.0
442 441 731.0
442 443 1937.0002581311135
442 560 2093.978271138457
443 325 1502.9347956581482
443 442 1937.0002581311135
443 444 557.0008976653448
444 443 557.0008976653448
444 445 1076.0
444 562 1681.2186056548387
445 327 1109.2668750125013
445 444 1076.0
445 446 253.0
446 445 253.0
446 447 420.0
446 564 438.8405177282517
447 329 1199.1280165186702
447 446 420.0
447 448 110.00454536063498
448 447 110.00454536063498
448 449 1807.0002767016945
448 566 721.9321297739837
449 331 532.6434079194072
449 448 1807.0002767016945
449 450 28.071337695236398
450 449 28.071337695236398
450 451 1451.0
450 568 1515.2689530245118
451 333 210.3188056261256
451 450 1451.0
451 452 1522.0003285150763
452 451 1522.0003285150763
452 453 160.00312496948303
452 570 1970.9441899759618
453 335 139.71399357258383
453 452 160.00312496948303
453 454 453.0011037514147
454 453 453.0011037514147
454 455 96.0
454 572 915.9672483227771
455 337 62.64982043070834
455 454 96.0
455 456 34.0
456 455 34.0
456 457 141.00354605470034
456 574 317.90721916936707
457 339 229.20078533896867
457 456 141.00354605470034
457 458 101.01980003939822
458 457 101.01980003939822
458 459 1829.0
458 576 69.33974329343886
459 341 681.4726700316015
459 458 1829.0
459 460 1301.0003843196973
460 459 1301.0003843196973
460 461 821.0
460 578 168.65645555388622
461 343 67.60177512462228
461 460 821.0
461 462 29.0
462 461 29.0
462 463 1660.0003012047919
462 580 993.812859647127
463 345 815.1380251221261
463 462 1660.0003012047919
463 464 1607.0
464 463 1607.0
464 465 952.0021008380181
464 582 1450.2417039928207
465 347 959.8770754633116
465 464 952.0021008380181
465 466 895.0
466 465 895.0
466 467 217.00230413523263
466 584 337.02818873204063
467 349 280.49242414011826
467 466 217.00230413523263
467 468 561.0
468 467 561.0
468 469 2102.000237868683
468 586 1902.8841267928008
469 351 1417.2706163608982
469 468 2102.000237868683
469 470 397.0012594438461
470 469 397.0012594438461
470 471 887.0
470 588 359.54693713060607
471 353 991.8165152889924
471 470 887.0
472 473 790.0
472 590 1258.3373951369322
473 355 759.3740843615878
473 472 790.0
473 474 2706.0029563915855
474 473 2706.0029563915855
474 475 794.0
474 592 1585.9196070419207
475 357 714.7817848826312
475 474 794.0
475 476 41.0
476 475 41.0
476 477 1157.0
476 594 1194.2671392950574
477 359 575.4589472759982
477 476 1157.0
477 478 1661.0003010234525
478 477 1661.0003010234525
478 479 32.0
478 596 757.9980211055963
479 361 498.992985922648
479 478 32.0
479 480 1838.0
480 479 1838.0
480 481 1803.0002773155638
480 598 2177.7201381261093
481 363 1542.328434543045
481 480 1803.0002773155638
481 482 172.0
482 481 172.0
482 483 1765.0
482 600 1243.3072830157475
483 365 1428.3900027653513
483 482 1765.0
483 484 321.0
484 483 321.0
484 485 117.0
484 602 2360.7126042786317
485 367 1995.9631760130246
485 484 117.0
485 486 2605.0001919385727
486 485 2605.0001919385727
486 487 1791.0
486 604 2021.832089961973
487 369 1286.4470451596521
487 486 1791.0
487 488 1537.0003253090092
488 487 1537.0003253090092
488 489 740.0
488 606 1501.1209145168818
489 371 693.6872494143164
489 488 740.0
489 490 305.00163933985664
490 489 305.00163933985664
490 491 719.0006954099558
490 608 367.6044069376753
491 373 1216.5808645544282
491 490 719.0006954099558
491 492 479.0
492 491 479.0
492 493 356.0
492 610 184.36105879496353
493 375 1704.0921336594452
493 492 356.0
493 494 600.0
494 493 600.0
494 495 1490.000335570432
494 612 160.25604512778918
495 377 1961.8873566033296
495 494 1490.000335570432
495 496 230.0
496 495 230.0
496 497 281.0
496 614 1887.9856990983803
497 379 190.71706793048176
497 496 281.0
497 498 51.0
498 497 51.0
498 499 1180.0
498 616 452.26983096377325
499 381 966.5660867214409
499 498 1180.0
499 500 1092.000457875362
500 499 1092.000457875362
500 501 921.0
500 618 370.22830793984406
501 383 600.6163500938015
501 500 921.0
501 502 1426.000350631093
502 501 1426.000350631093
502 503 404.0
502 620 1051.8288834216335
503 385 60.53924347066124
503 502 404.0
503 504 108.00462953040486
504 503 108.00462953040486
504 505 899.0
504 622 288.7351727794866
505 387 394.989873287911
505 504 899.0
505 506 1132.0004416960269
506 505 1132.0004416960269
506 507 1728.0
506 624 391.934943581202
507 389 322.0838400168503
507 506 1728.0
507 508 285.0
508 507 285.0
508 509 1951.0002562788145
508 626 2416.821259423212
509 391 2394.6784752864005
509 508 1951.0002562788145
509 510 414.0
510 509 414.0
510 511 1290.000387596841
510 628 1433.429454141361
511 393 1873.8369726312906
511 510 1290.000387596841
511 512 1394.0003586800112
512 511 1394.0003586800112
512 513 1513.0
512 630 369.4116944548453
513 395 124.77980605851253
513 512 1513.0
513 514 2163.000231160413
514 513 2163.000231160413
514 515 134.0
514 632 1143.7364206844163
515 397 914.7775685924967
515 514 134.0
515 516 351.0
516 515 351.0
516 517 523.0
516 634 1811.0960769655485
517 399 653.4041628272657
517 516 523.0
517 518 32.0
518 517 32.0
518 519 143.0
518 636 767.8417805772228
519 401 429.5357959472062
519 518 143.0
519 520 259.0019304947359
520 519 259.0019304947359
520 521 672.0007440472071
520 638 1129.9292013219235
521 403 269.874044694928
521 520 672.0007440472071
521 522 1477.0
522 521 1477.0
522 523 1499.0003335556667
522 640 1957.113180171244
523 405 922.7621578716804
523 522 1499.0003335556667
523 524 1839.0
524 523 1839.0
524 525 1266.0003949446461
524 642 643.2923130272893
525 407 722.3323334864639
525 524 1266.0003949446461
525 526 546.0
526 525 546.0
526 527 1183.0004226541932
526 644 1484.4679181444105
527 409 207.96393918177256
527 526 1183.0004226541932
527 528 587.0008517881383
528 527 587.0008517881383
528 529 518.0
528 646 1337.532055690629
529 411 1813.9275068204904
529 528 518.0
529 530 82.0
530 529 82.0
530 531 606.0
530 648 1275.6065224041463
531 413 717.2684295296984
531 530 606.0
531 532 887.0005636976788
532 531 887.0005636976788
532 533 1097.0004557884195
532 650 87.69264507357501
533 415 336.04315199093105
533 532 1097.0004557884195
533 534 1696.0002948112951
534 533 1696.0002948112951
534 535 1021.0004897158473
534 652 1781.0794479753001
535 417 617.8235994197696
535 534 1021.0004897158473
535 536 853.0005861662698
536 535 853.0005861662698
536 537 152.00328943809077
536 654 1730.0407509651327
537 419 1220.4757269196302
537 536 152.00328943809077
537 538 1709.0
538 537 1709.0
538 539 642.0070093075309
538 656 1099.6931390165166
539 421 1256.5305408146671
539 538 642.0070093075309
539 540 734.000681198594
540 539 734.000681198594
540 541 1005.0
540 658 1137.4291186706976
541 423 1359.4145798835616
541 540 1005.0
541 542 1308.001529051094
542 541 1308.001529051094
542 543 456.0
542 660 66.03786792439622
543 425 460.4693257970611
543 542 456.0
543 544 1494.0003346719839
544 543 1494.0003346719839
544 545 2023.0002471576715
544 662 1011.4964162071955
545 427 200.81085628023203
545 544 2023.0002471576715
545 546 137.0
546 545 137.0
546 547 28.0
546 664 890.6997249354016
547 429 1417.445589784666
547 546 28.0
547 548 49.01020301937138
548 547 49.01020301937138
548 549 6.082762530298219
548 666 264.5694615786183
549 431 213.80364823828427
549 548 6.082762530298219
549 550 252.0
550 549 252.0
550 551 397.0
550 668 534.6335193382472
551 433 63.788713735268246
551 550 397.0
551 552 124.0
552 551 124.0
552 553 91.00549433962765
552 670 1197.173755141667
553 435 1411.406745059694
553 552 91.00549433962765
553 554 614.0
554 553 614.0
554 555 102.0
554 672 1086.3931148529982
555 437 1443.3755575040059
555 554 102.0
555 556 2120.0009433960167
556 555 2120.0009433960167
556 557 897.0
556 674 491.20260585628006
557 439 1256.6308129279657
557 556 897.0
557 558 406.0012315252258
558 557 406.0012315252258
558 559 10.0
558 676 146.70037491431302
559 441 1438.424485331086
559 558 10.0
559 560 75.0
560 559 75.0
560 561 1077.0
560 678 174.56803831171388
561 443 923.1522084683544
561 560 1077.0
561 562 202.00990074746338
562 561 202.00990074746338
562 563 1908.0002620544894
562 680 1965.8265437214952
563 445 1305.6190102782664
563 562 1908.0002620544894
563 564 1991.0
564 563 1991.0
564 565 2072.000241312727
564 682 161.9876538505327
565 447 2059.0580370645216
565 564 2072.000241312727
565 566 1449.0
566 565 1449.0
566 567 228.0
566 684 1074.460329653915
567 449 1317.5553119319127
567 566 228.0
567 568 170.0
568 567 170.0
568 569 90.0
568 686 539.0222629910568
569 451 165.08482668010407
569 568 90.0
569 570 295.0
570 569 295.0
570 571 182.0
570 688 362.8291609008295
571 453 1992.9034096011778
571 570 182.0
571 572 2453.000203832034
572 571 2453.000203832034
572 573 1110.0
572 690 449.8855409990412
573 455 116.61903789690601
573 572 1110.0
573 574 378.00132274900835
574 573 378.00132274900835
574 575 82.0
574 692 1667.080082059647
575 457 107.33592129385204
575 574 82.0
575 576 26.0
576 575 26.0
576 577 236.00847442411893
576 694 1988.9356450121759
577 459 2027.8878174100262
577 576 236.00847442411893
577 578 568.0
578 577 568.0
578 579 38.01315561749642
578 696 706.6378138763874
579 461 1018.7683740674324
579 578 38.01315561749642
579 580 54.0
580 579 54.0
580 581 1083.0
580 698 370.062156941236
581 463 1751.993721449937
581 580 1083.0
581 582 1593.0003138731643
582 581 1593.0003138731643
582 583 834.0
582 700 445.0629169005209
583 465 341.9546753591768
583 582 834.0
583 584 226.0
584 583 226.0
584 585 208.0
584 702 1180.6290696065382
585 467 109.07795377618706
585 584 208.0
585 586 1434.0003486749924
586 585 1434.0003486749924
586 587 1874.0
586 704 1776.0478597154977
587 469 2074.7831211960442
587 586 1874.0
587 588 1322.000378214772
588 587 1322.000378214772
588 589 541.0
588 706 487.95491595023407
589 471 57.706152185014034
589 588 541.0
590 591 266.0
590 708 205.5723716845238
591 473 1781.9441629860348
591 590 266.0
591 592 660.0
592 591 660.0
592 593 779.0006418482593
592 710 1110.7880085776944
593 475 56.293871780150276
593 592 779.0006418482593
593 594 1222.0
594 593 1222.0
594 595 1327.0003767896978
594 712 1848.0741327122134
595 477 1292.2139915664125
595 594 1327.0003767896978
595 596 386.0
596 595 386.0
596 597 1419.0
596 714 935.0577522271018
597 479 2143.705670095594
597 596 1419.0
597 598 2482.000201450435
598 597 2482.000201450435
598 599 1689.0011841322078
598 716 2237.831539683003
599 481 1316.23478148847
599 598 1689.0011841322078
599 600 99.0
600 599 99.0
600 601 132.0
600 718 1036.7376717376485
601 483 395.1328890386119
601 600 132.0
601 602 1648.0003033980304
602 601 1648.0003033980304
602 603 753.0
602 720 1138.52975367357
603 485 1724.9753621428915
603 602 753.0
603 604 1140.0004385964069
604 603 1140.0004385964069
604 605 1446.0003457814248
604 722 382.57678967757573
605 487 1217.4304908289425
605 604 1446.0003457814248
605 606 1179.0
606 605 1179.0
606 607 331.0
606 724 1022.7614580145265
607 489 1092.5406170939366
607 606 331.0
607 608 1033.0004840269921
608 607 1033.0004840269921
608 609 502.00099601494816
608 726 234.79565583715555
609 491 582.8927860250117
609 608 502.00099601494816
609 610 74.0
610 609 74.0
610 611 177.00282483621552
610 728 1495.2043338620979
611 493 362.8291609008295
611 610 177.00282483621552
611 612 809.0
612 611 809.0
612 613 1287.0003885003298
612 730 864.1556572747759
613 495 79.98124780221924
613 612 1287.0003885003298
613 614 2063.0009694617206
614 613 2063.0009694617206
614 615 2158.000231696002
614 732 351.98011307458836
615 497 555.4709713387371
615 614 2158.000231696002
615 616 155.0
616 615 155.0
616 617 1984.0
616 734 647.6928284302676
617 499 361.3585477057378
617 616 1984.0
617 618 1813.000275785969
618 617 1813.000275785969
618 619 1901.0
618 736 1763.9537975808778
619 501 618.1173027832177
619 618 1901.0
619 620 991.0005045407394
620 619 991.0005045407394
620 621 233.0
620 738 604.7875660097519
621 503 881.183862766449
621 620 233.0
621 622 1269.0003940109711
622 621 1269.0003940109711
622 623 2235.0
622 740 1453.1579404868558
623 505 1055.8219546874368
623 622 2235.0
623 624 1799.000277932163
624 623 1799.000277932163
624 625 1773.0
624 742 1385.1732743595655
625 507 436.4263970018312
625 624 1773.0
625 626 2563.0001950838787
626 625 2563.0001950838787
626 627 2657.0
626 744 1666.9748048485915
627 509 2192.876649517706
627 626 2657.0
627 628 346.0057802985378
628 627 346.0057802985378
628 629 2150.0002325581268
628 746 178.67568385205638
629 511 2009.019661426936
629 628 2150.0002325581268
629 630 250.0
630 629 250.0
630 631 1758.0
630 748 333.5655857548857
