130
0 1 119.09645956364272
0 11 382.81288798041567
1 0 119.09645956364272
1 2 139.1917717358714
2 1 139.1917717358714
2 3 220.06330405103816
2 13 295.22451195496893
3 2 220.06330405103816
3 4 404.9101161177926
4 3 404.9101161177926
4 5 650.2470966246901
4 15 86.18784326471969
5 4 650.2470966246901
5 6 720.3229540355899
6 5 720.3229540355899
6 7 487.6280743966072
6 17 467.50598444424793
7 6 487.6280743966072
7 8 571.7203799599768
8 7 571.7203799599768
8 9 548.9790229491256
8 19 462.4326064000071
9 8 548.9790229491256
9 10 573.3416211674559
10 9 573.3416211674559
10 21 450.07720635153726
11 12 483.7662574653402
11 22 387.85102100356585
12 1 313.07689590717297
12 11 483.7662574653402
12 13 65.42502639549159
13 12 65.42502639549159
13 14 458.7561555409303
13 24 649.9204376901238
14 3 225.37653791876147
14 13 458.7561555409303
14 15 359.1313821205082
15 14 359.1313821205082
15 16 243.7843806941515
15 26 288.13932783650324
16 5 435.4455189103595
16 15 243.7843806941515
16 17 219.75753887632393
17 16 219.75753887632393
17 18 304.06945825895616
17 28 357.5530423325087
18 7 334.7617212557136
18 17 304.06945825895616
18 19 251.36679771293038
19 18 251.36679771293038
19 20 88.86267063285678
19 30 189.10973882154414
20 9 186.57921851395415
20 19 88.86267063285678
20 21 74.50329546735958
21 20 74.50329546735958
21 32 65.62537579764818
22 23 365.20570098113353
22 33 335.966471589597
23 12 465.5689664522765
23 22 365.20570098113353
23 24 225.01073989934775
24 23 225.01073989934775
24 25 205.7652455445054
24 35 103.04480660810087
25 14 290.5804148076938
25 24 205.7652455445054
25 26 250.63097974601973
26 25 250.63097974601973
26 27 416.83948468471607
26 37 176.04046321772063
27 16 364.19053356166745
27 26 416.83948468471607
27 28 518.1587571969887
28 27 518.1587571969887
28 29 473.5435406158196
28 39 370.9099592912578
29 18 413.0339730827029
29 28 473.5435406158196
29 30 348.02723841478854
30 29 348.02723841478854
30 31 272.19766960852604
30 41 250.78094263738075
31 20 546.2848446693868
31 30 272.19766960852604
31 32 558.1603191993094
32 31 558.1603191993094
32 43 129.52686881452684
33 34 155.1032891426819
33 44 235.0750617365709
34 23 198.51836676635588
34 33 155.1032891426819
34 35 400.3732721998074
35 34 400.3732721998074
35 36 537.1676056479172
35 46 545.8526409282147
36 25 514.61262830263
36 35 537.1676056479172
36 37 256.8541345012655
37 36 256.8541345012655
37 38 340.2507579265392
37 48 119.78759477510434
38 27 177.31120499814654
38 37 340.2507579265392
38 39 278.4396698753819
39 38 278.4396698753819
39 40 300.83697742347596
39 50 102.05239474012691
40 29 205.32565113207227
40 39 300.83697742347596
40 41 316.0733820133254
41 40 316.0733820133254
41 42 361.02051239194077
41 52 80.34629229330513
42 31 197.465201372828
42 41 361.02051239194077
42 43 367.24980595857426
43 42 367.24980595857426
43 54 81.28678976817989
44 45 264.8203629128434
44 55 594.6941341901464
45 34 78.51272119601761
45 44 264.8203629128434
45 46 138.01446905608944
46 45 138.01446905608944
46 47 544.966892738256
46 57 202.1215057887251
47 36 532.660695571568
47 46 544.966892738256
47 48 472.3512052956023
48 47 472.3512052956023
48 49 311.91003582326374
48 59 104.99501413688493
49 38 72.66318464982638
49 48 311.91003582326374
49 50 271.02157992354336
50 49 271.02157992354336
50 51 344.3296487207481
50 61 423.5749233000699
51 40 543.3949337316287
51 50 344.3296487207481
51 52 275.5926287322018
52 51 275.5926287322018
52 53 207.21780847333892
52 63 619.0168563666716
53 42 196.95160047740396
53 52 207.21780847333892
53 54 254.94326455825734
54 53 254.94326455825734
54 65 455.40375537998136
55 56 32.08544514022716
55 66 558.7677768877551
56 45 484.30569567351597
56 55 32.08544514022716
56 57 294.45791683611805
57 56 294.45791683611805
57 58 427.37660674039813
57 68 638.3744852908289
58 47 606.2040739601557
58 57 427.37660674039813
58 59 352.3105548913553
59 58 352.3105548913553
59 60 547.3577515354507
59 70 342.22653114609034
60 49 272.90712840530404
60 59 547.3577515354507
60 61 212.5456572138997
61 60 212.5456572138997
61 62 400.2082564776825
61 72 575.0524282054191
62 51 444.3936364264983
62 61 400.2082564776825
62 63 245.31060706375823
63 62 245.31060706375823
63 64 606.5710339855897
63 74 667.8012133969528
64 53 327.17328786752716
64 63 606.5710339855897
64 65 779.1356192032218
65 64 779.1356192032218
65 76 750.7004745282239
66 67 614.7879310857102
66 77 205.9553670621936
67 56 385.86414259598956
67 66 614.7879310857102
67 68 289.465627735894
68 67 289.465627735894
68 69 190.54009332535261
68 79 468.2568945400765
69 58 511.1350459815116
69 68 190.54009332535261
69 70 304.2657605304757
70 69 304.2657605304757
70 71 430.13707470940216
70 81 571.8913306192024
71 60 604.031516613106
71 70 430.13707470940216
71 72 139.6150136149899
72 71 139.6150136149899
72 73 44.74536506367986
72 83 339.30099568475134
73 62 439.2790284032982
73 72 44.74536506367986
73 74 8.05805408003079
74 73 8.05805408003079
74 75 615.1555856287855
74 85 702.7263170535437
75 64 572.2229764515538
75 74 615.1555856287855
75 76 478.08812261591925
76 75 478.08812261591925
76 87 460.20541147172145
77 78 502.2371017694415
77 88 591.2933361997779
78 67 251.65040276056882
78 77 502.2371017694415
78 79 246.5457369848825
79 78 246.5457369848825
79 80 341.38275502389456
79 90 384.0851400453324
80 69 335.3444065398303
80 79 341.38275502389456
80 81 171.09656957921806
81 80 171.09656957921806
81 82 668.1401429895191
81 92 507.5100875329412
82 71 468.83859451483545
82 81 668.1401429895191
82 83 584.471933418048
83 82 584.471933418048
83 84 749.1097126732294
83 94 229.49707388542862
84 73 721.6850817415683
84 83 749.1097126732294
84 85 650.2892040255913
85 84 650.2892040255913
85 86 567.1776215054916
85 96 177.326229613063
86 75 482.52914960449266
86 85 567.1776215054916
86 87 515.834306137137
87 86 515.834306137137
87 98 664.9084678127767
88 89 596.7786196588385
88 99 120.47228131125324
89 78 533.8692096982651
89 88 596.7786196588385
89 90 620.8832139537701
90 89 620.8832139537701
90 91 163.13884250448226
90 101 236.4702612259657
91 80 152.5558646446136
91 90 163.13884250448226
91 92 268.25995782723425
92 91 268.25995782723425
92 93 400.33628496470106
92 103 336.70778008660614
93 82 495.2008399533411
93 92 400.33628496470106
93 94 131.75657762536397
94 93 131.75657762536397
94 95 424.92019796061095
94 105 157.2355051557692
95 84 331.88362639679053
95 94 424.92019796061095
95 96 620.9022624007871
96 95 620.9022624007871
96 97 171.1922985360888
96 107 441.61780066123225
97 86 251.40945762852144
97 96 171.1922985360888
97 98 400.61020990517017
98 97 400.61020990517017
98 109 369.51565557718897
99 100 366.4876866333803
99 110 372.9066729146955
100 89 848.8940937753492
100 99 366.4876866333803
100 101 653.9652188520295
101 100 653.9652188520295
101 102 522.9339883826682
101 112 662.410535244564
102 91 192.70441421127344
102 101 522.9339883826682
102 103 285.4192526000114
103 102 285.4192526000114
103 104 288.07113870442595
103 114 360.828035774682
104 93 457.15369781717214
104 103 288.07113870442595
104 105 400.1668409302563
105 104 400.1668409302563
105 106 338.5753633342918
105 116 354.4515772267012
106 95 521.8166720888133
106 105 338.5753633342918
106 107 356.7073565315896
107 106 356.7073565315896
107 108 338.2860559986453
107 118 577.2004699368409
108 97 359.00052951196125
108 107 338.2860559986453
108 109 352.0700246229103
109 108 352.0700246229103
109 120 544.1854318460099
110 111 701.5603220806529
110 121 643.1985628657277
111 100 697.6525666327483
111 110 701.5603220806529
111 112 515.0786914337533
112 111 515.0786914337533
112 113 545.9544022719997
112 123 347.68383291457013
113 102 512.8301274265496
113 112 545.9544022719997
113 114 142.277311372052
114 113 142.277311372052
114 115 437.14706252431586
114 125 171.6708997168613
115 104 379.2636905037883
115 114 437.14706252431586
115 116 353.48851864015495
116 115 353.48851864015495
116 117 173.59565703725153
116 127 76.0733699780545
117 106 277.28448889783215
117 116 173.59565703725153
117 118 463.23986622459125
118 117 463.23986622459125
118 119 479.78618408497005
118 129 479.995238212947
119 108 549.3902935054317
119 118 479.78618408497005
119 120 340.25149171061594
120 119 340.25149171061594
121 122 640.4037304001648
122 111 702.280369612629
122 121 640.4037304001648
122 123 581.245968919088
123 122 581.245968919088
123 124 495.3903614313947
124 113 168.23846793725113
124 123 495.3903614313947
124 125 162.19162930053147
125 124 162.19162930053147
125 126 370.5253869595662
126 115 215.43624601014392
126 125 370.5253869595662
126 127 231.27287740073294
127 126 231.27287740073294
127 128 207.53254139648533
128 117 327.99327707769316
128 127 207.53254139648533
128 129 246.8750729606468
129 128 246.8750729606468
