150
0 1 576.6463855386462
0 12 543.3377696573808
1 0 576.6463855386462
1 2 591.1478716807096
2 1 591.1478716807096
2 3 222.1916877471661
2 14 214.97978472588642
3 2 222.1916877471661
3 4 508.1995509375583
4 3 508.1995509375583
4 5 570.7117126181445
4 16 762.1788957812638
5 4 570.7117126181445
5 6 580.3992670038406
6 5 580.3992670038406
6 7 37.82981409795941
6 18 520.6737695868109
7 6 37.82981409795941
7 8 522.8895814577608
8 7 522.8895814577608
8 9 565.5980709140175
8 20 563.3310689287063
9 8 565.5980709140175
9 10 632.4682154026792
10 9 632.4682154026792
10 11 193.1357445955722
10 22 304.1298409936104
11 10 193.1357445955722
12 13 228.03602926264443
12 24 530.2457224741387
13 1 422.4528246493467
13 12 228.03602926264443
13 14 66.59648437293495
14 13 66.59648437293495
14 15 41.399497028703905
14 26 259.44776593583873
15 3 271.8620141809249
15 14 41.399497028703905
15 16 479.4966908715599
16 15 479.4966908715599
16 17 673.3755000894403
16 28 474.46950348760635
17 5 390.9716217562155
17 16 673.3755000894403
17 18 309.8754302540052
18 17 309.8754302540052
18 19 174.77253580463352
18 30 543.0609160557801
19 7 353.29954874665964
19 18 174.77253580463352
19 20 405.02939187943394
20 19 405.02939187943394
20 21 124.6014430628623
20 32 243.34638822233592
21 9 165.73402803189194
21 20 124.6014430628623
21 22 380.29910924402833
22 21 380.29910924402833
22 23 175.7952312283319
22 34 309.24979406727715
23 11 29.693408583400235
23 22 175.7952312283319
24 25 173.90262756714654
24 36 163.1384769237607
25 13 322.9578373108077
25 24 173.90262756714654
25 26 481.4567313872334
26 25 481.4567313872334
26 27 451.71284396218476
26 38 173.10104702649684
27 15 440.0140720875194
27 26 451.71284396218476
27 28 140.76204448429493
28 27 140.76204448429493
28 29 468.9713994737602
28 40 389.69439455082215
29 17 309.03442620308954
29 28 468.9713994737602
29 30 485.69813224863884
30 29 485.69813224863884
30 31 191.09487299889176
30 42 271.81663153956515
31 19 203.74603026767642
31 30 191.09487299889176
31 32 209.60036942606996
32 31 209.60036942606996
32 33 237.5241200411202
32 44 369.7934195629447
33 21 270.12401158763623
33 32 237.5241200411202
33 34 139.08071801660668
34 33 139.08071801660668
34 35 525.0643996246213
34 46 376.70722605620136
35 23 109.40197790478969
35 34 525.0643996246213
36 37 323.88182613191793
36 48 437.11588578788843
37 25 330.2605039006668
37 36 323.88182613191793
37 38 150.40148858843983
38 37 150.40148858843983
38 39 190.75028298384896
38 50 235.26373794637038
39 27 109.1296626614501
39 38 190.75028298384896
39 40 226.71329234587282
40 39 226.71329234587282
40 41 315.717348446944
40 52 192.29407894929562
41 29 527.6594524500433
41 40 315.717348446944
41 42 198.65705724577768
42 41 198.65705724577768
42 43 377.01741674047264
42 54 279.244015057813
43 31 286.88733743380914
43 42 377.01741674047264
43 44 53.98228431998751
44 43 53.98228431998751
44 45 433.63277444899177
44 56 439.64939510777435
45 33 342.1877883286095
45 44 433.63277444899177
45 46 174.541454455808
46 45 174.541454455808
46 47 510.72324432636515
46 58 360.2656482247502
47 35 641.4089593081112
47 46 510.72324432636515
48 49 498.98661552760234
48 60 333.2649217590495
49 37 396.43490917299647
49 48 498.98661552760234
49 50 233.25182126547747
50 49 233.25182126547747
50 51 248.13067635348864
50 62 400.8128148076757
51 39 394.28678683038726
51 50 248.13067635348864
51 52 360.7290493378012
52 51 360.7290493378012
52 53 234.68260780222118
52 64 340.9730101223034
53 41 272.6265080694808
53 52 234.68260780222118
53 54 227.66056504217502
54 53 227.66056504217502
54 55 165.96510308341317
54 66 314.1036588049824
55 43 424.8362214068653
55 54 165.96510308341317
55 56 416.10805022525665
56 55 416.10805022525665
56 57 439.65606757815937
56 68 136.7380682169964
57 45 186.71488883360865
57 56 439.65606757815937
57 58 380.66248787156917
58 57 380.66248787156917
58 59 437.29519534632914
58 70 226.1157449798327
59 47 648.2901906377372
59 58 437.29519534632914
60 61 624.1651923377101
60 72 681.8615841847571
61 49 575.9315223640194
61 60 624.1651923377101
61 62 144.9755316000055
62 61 144.9755316000055
62 63 341.3650961802662
62 74 304.3869532932466
63 51 280.3366433083842
63 62 341.3650961802662
63 64 545.8134758209387
64 63 545.8134758209387
64 65 591.879634200173
64 76 374.89702209466014
65 53 426.94542457371375
65 64 591.879634200173
65 66 283.82268497320854
66 65 283.82268497320854
66 67 448.5112319598959
66 78 246.3904288902907
67 55 548.3153555035933
67 66 448.5112319598959
67 68 602.330158066852
68 67 602.330158066852
68 69 374.26656122765786
68 80 291.4842717205446
69 57 84.26022493789371
69 68 374.26656122765786
69 70 671.6755386579536
70 69 671.6755386579536
70 71 187.66682698832514
70 82 509.235688488642
71 59 309.7918555682404
71 70 187.66682698832514
72 73 504.07495732712505
72 84 445.6594993869552
73 61 365.5169952415221
73 72 504.07495732712505
73 74 594.5406185638781
74 73 594.5406185638781
74 75 350.2074060082606
74 86 327.970504786104
75 63 410.45694700628394
75 74 350.2074060082606
75 76 373.7855621354514
76 75 373.7855621354514
76 77 94.64040379609469
76 88 274.1780303150217
77 65 449.8885696779416
77 76 94.64040379609469
77 78 52.5560732986531
78 77 52.5560732986531
78 79 119.17984252415133
78 90 312.5101994320018
79 67 281.54407909141145
79 78 119.17984252415133
79 80 380.6762583000851
80 79 380.6762583000851
80 81 511.40263208599896
80 92 316.2721586752072
81 69 539.637300456406
81 80 511.40263208599896
81 82 372.41709941132234
82 81 372.41709941132234
82 83 279.16327583187456
82 94 340.5183080212722
83 71 386.4252177610091
83 82 279.16327583187456
84 85 214.24030782585143
84 96 211.0694234360773
85 73 626.4005124689196
85 84 214.24030782585143
85 86 537.4859888939012
86 85 537.4859888939012
86 87 230.06403745459667
86 98 634.8474016060434
87 75 205.8558888398333
87 86 230.06403745459667
87 88 159.51275688290622
88 87 159.51275688290622
88 89 256.49544865835963
88 100 459.2571606410081
89 77 259.5322550118303
89 88 256.49544865835963
89 90 538.608949376879
90 89 538.608949376879
90 91 479.4039740502372
90 102 532.7512623451216
91 79 210.69955254010807
91 90 479.4039740502372
91 92 141.35849168921098
92 91 141.35849168921098
92 93 143.7335197387765
92 104 111.81705112649344
93 81 317.75668203920026
93 92 143.7335197387765
93 94 300.3468280376773
94 93 300.3468280376773
94 95 201.64284167432132
94 106 31.127494422135115
95 83 57.47563979041556
95 94 201.64284167432132
96 97 171.03234693031627
96 108 346.3378186798949
97 85 509.4685006191019
97 96 171.03234693031627
97 98 607.004780310796
98 97 607.004780310796
98 99 488.53936349606465
98 110 431.6990814735637
99 87 325.271813935121
99 98 488.53936349606465
99 100 554.2039247293194
100 99 554.2039247293194
100 101 435.2081837226498
100 112 451.67774936054707
101 89 282.05205630076796
101 100 435.2081837226498
101 102 577.8139925311676
102 101 577.8139925311676
102 103 411.00837846969046
102 114 396.00204461923704
103 91 435.2383845556013
103 102 411.00837846969046
103 104 355.2286495793861
104 103 355.2286495793861
104 105 363.6015920835961
104 116 379.80158346573614
105 93 312.11684899876525
105 104 363.6015920835961
105 106 597.348095492714
106 105 597.348095492714
106 107 489.3729594165915
106 118 612.0054398046714
107 95 460.3795334883733
107 106 489.3729594165915
108 109 146.47686984589168
108 120 285.00944609445827
109 97 492.3852045490597
109 108 146.47686984589168
109 110 287.9669817186234
110 109 287.9669817186234
110 111 266.4803031608093
110 122 348.1345644070336
111 99 549.5531949187365
111 110 266.4803031608093
111 112 319.57918440352057
112 111 319.57918440352057
112 113 604.4592063449221
112 124 144.6701183960067
113 101 37.927702925419915
113 112 604.4592063449221
113 114 704.8572870567066
114 113 704.8572870567066
114 115 415.80372972396634
114 126 514.8205397340089
115 103 499.57070501041807
115 114 415.80372972396634
115 116 168.20894810079025
116 115 168.20894810079025
116 117 231.01564862905744
116 128 115.73864761206654
117 105 506.45137362199546
117 116 231.01564862905744
117 118 585.1000586819144
118 117 585.1000586819144
118 119 660.0396234389013
118 130 398.74844908818295
119 107 166.3531386944803
119 118 660.0396234389013
120 121 157.29415571649753
120 132 115.46727766537548
121 109 324.6067530108782
121 120 157.29415571649753
121 122 230.81802594536174
122 121 230.81802594536174
122 123 502.62795218558165
122 134 627.8376173708002
123 111 411.90676694451923
123 122 502.62795218558165
123 124 304.407114511478
124 123 304.407114511478
124 125 286.64966076857297
124 136 662.749777315519
125 113 425.37819194908155
125 124 286.64966076857297
125 126 419.2119421526605
126 125 419.2119421526605
126 127 557.246621679197
126 138 149.23273370606333
127 115 463.08556943535604
127 126 557.246621679197
127 128 330.58989142189114
128 127 330.58989142189114
128 129 237.6660711484237
128 140 415.7961954130239
129 117 148.35607136162662
129 128 237.6660711484237
129 130 292.2970069119891
130 129 292.2970069119891
130 131 418.5465912840853
130 142 438.2669116762353
131 119 286.04774429590617
131 130 418.5465912840853
132 133 119.21736347713535
132 144 187.07616476722595
133 121 136.1083486207401
133 132 119.21736347713535
133 134 293.55989225298055
134 133 293.55989225298055
134 135 603.4973766384061
134 146 496.26210607480806
135 123 438.7227506772901
135 134 603.4973766384061
135 136 671.2656203307155
136 135 671.2656203307155
136 137 322.42359780441603
136 148 651.3845475245731
137 125 153.64717776133904
137 136 322.42359780441603
137 138 193.5871608917058
138 137 193.5871608917058
138 139 371.7619376034653
139 127 494.0454814335436
139 138 371.7619376034653
139 140 538.8693141837969
140 139 538.8693141837969
140 141 188.0682638760719
141 129 619.3769482747075
141 140 188.0682638760719
141 142 161.82279466298993
142 141 161.82279466298993
142 143 552.6770982959831
143 131 552.855548283637
143 142 552.6770982959831
144 145 415.4777256054849
145 133 189.00157471223628
145 144 415.4777256054849
145 146 380.02582650215146
146 145 380.02582650215146
146 147 357.12346056658384
147 135 445.6864360880416
147 146 357.12346056658384
147 148 657.1943060225254
148 147 657.1943060225254
148 149 113.32324647665679
149 137 381.3127139956796
149 148 113.32324647665679
