15112
0 1 10848.012260317555
0 122 3032.3174306130945
1 0 10848.012260317555
1 2 10193.111252213428
2 1 10193.111252213428
2 3 6108.279626867126
2 124 2938.195704850172
3 2 6108.279626867126
3 4 12265.666308847636
4 3 12265.666308847636
4 5 7109.43401404078
4 126 13698.179623585025
5 4 7109.43401404078
5 6 1603.9862842306352
6 5 1603.9862842306352
6 7 7507.66022140054
6 128 3373.37931457463
7 6 7507.66022140054
7 8 2286.9457798557446
8 7 2286.9457798557446
8 9 10180.424794673354
8 130 15478.822306622684
9 8 10180.424794673354
9 10 12742.086210664249
10 9 12742.086210664249
10 11 7754.140700296842
10 132 13229.29812953053
11 10 7754.140700296842
11 12 3252.314406695638
12 11 3252.314406695638
12 13 7952.929586007914
12 134 3294.029750928185
13 12 7952.929586007914
13 14 1961.6508353934958
14 13 1961.6508353934958
14 15 7603.425149233732
14 136 6978.711915532837
15 14 7603.425149233732
15 16 3232.75888367815
16 15 3232.75888367815
16 17 3353.3177600698687
16 138 3762.4430892705873
17 16 3353.3177600698687
17 18 5573.047460770454
18 17 5573.047460770454
18 19 7939.554710435592
18 140 8059.594344630504
19 18 7939.554710435592
19 20 4678.0371952347705
20 19 4678.0371952347705
20 21 11907.07663534589
20 142 12168.13823064153
21 20 11907.07663534589
21 22 4245.66720316136
22 21 4245.66720316136
22 23 14886.617144267531
22 144 1682.0
23 22 14886.617144267531
23 24 6639.125243584429
24 23 6639.125243584429
24 25 8856.756178195265
24 146 13952.972622348258
25 24 8856.756178195265
25 26 2305.063122779938
26 25 2305.063122779938
26 27 15718.52515346144
26 148 6806.833992393233
27 26 15718.52515346144
27 28 2232.0398741957993
28 27 2232.0398741957993
28 29 9214.796036809495
28 150 12904.504058661068
29 28 9214.796036809495
29 30 4203.053413888527
30 29 4203.053413888527
30 31 15656.360815975084
30 152 15410.148376962501
31 30 15656.360815975084
31 32 8839.497723287222
32 31 8839.497723287222
32 33 3139.9848725750257
32 154 4011.436650378515
33 32 3139.9848725750257
33 34 11373.348231721387
34 33 11373.348231721387
34 35 2558.85130478502
34 156 5968.42776617092
35 34 2558.85130478502
35 36 2846.4855523961473
36 35 2846.4855523961473
36 37 3256.5854817584627
36 158 7321.593405809967
37 36 3256.5854817584627
37 38 5292.343620741193
38 37 5292.343620741193
38 39 1157.011668048339
38 160 3374.4666245200883
39 38 1157.011668048339
39 40 923.7229021735901
40 39 923.7229021735901
40 41 10766.10700299788
40 162 18476.3763222121
41 40 10766.10700299788
41 42 2675.251950751555
42 41 2675.251950751555
42 43 10175.549764017667
42 164 9019.852992150149
43 42 10175.549764017667
43 44 2838.077694496752
44 43 2838.077694496752
44 45 4155.412013266555
44 166 16560.604004685338
45 44 4155.412013266555
45 46 2060.1014538124086
46 45 2060.1014538124086
46 47 11259.784944660356
46 168 2529.1342392210026
47 46 11259.784944660356
47 48 17497.69656269076
48 47 17497.69656269076
48 49 11873.988588507233
48 170 7851.572135566227
49 48 11873.988588507233
49 50 1831.4693554629846
50 49 1831.4693554629846
50 51 12260.971902748983
50 172 14130.34030021924
51 50 12260.971902748983
51 52 6046.485011971831
52 51 6046.485011971831
52 53 8184.823638906339
52 174 6271.165282465453
53 52 8184.823638906339
53 54 8856.255021170065
54 53 8856.255021170065
54 55 3758.4785485619045
54 176 10094.866021894495
55 54 3758.4785485619045
55 56 14151.769500666693
56 55 14151.769500666693
56 57 10157.974699712537
56 178 6753.793082409321
57 56 10157.974699712537
57 58 12291.686011284213
58 57 12291.686011284213
58 59 9532.888439502478
58 180 9004.560455680221
59 58 9532.888439502478
59 60 1445.7938995583015
60 59 1445.7938995583015
60 61 14653.172830482823
60 182 10560.426175112441
61 60 14653.172830482823
61 62 7710.555168079663
62 61 7710.555168079663
62 63 15698.513560206902
62 184 14857.636151151366
63 62 15698.513560206902
63 64 5403.282798447625
64 63 5403.282798447625
64 65 9417.985559555716
64 186 7207.933476385586
65 64 9417.985559555716
65 66 856.346308452369
66 65 856.346308452369
66 67 9519.293461176623
66 188 8529.525778142652
67 66 9519.293461176623
67 68 5178.127074531872
68 67 5178.127074531872
68 69 8963.88141376268
68 190 9217.556509183982
69 68 8963.88141376268
69 70 8446.350691274902
70 69 8446.350691274902
70 71 9038.906183825562
70 192 11482.5574241978
71 70 9038.906183825562
71 72 6983.659857123627
72 71 6983.659857123627
72 73 3559.3991065908863
72 194 7696.903338356277
73 72 3559.3991065908863
73 74 6816.127419583645
74 73 6816.127419583645
74 75 5199.270141087112
74 196 6377.842033164509
75 74 5199.270141087112
75 76 10503.969011759316
76 75 10503.969011759316
76 77 6665.830555902243
76 198 4217.185080121573
77 76 6665.830555902243
77 78 2528.917752715576
78 77 2528.917752715576
78 79 12436.12499937179
78 200 8726.860890377478
79 78 12436.12499937179
79 80 1128.1139126878986
80 79 1128.1139126878986
80 81 7391.50877696834
80 202 10886.85491774369
81 80 7391.50877696834
81 82 3698.989186250752
82 81 3698.989186250752
82 83 1619.9413569632698
82 204 10574.354873939119
83 82 1619.9413569632698
83 84 9211.15329369781
84 83 9211.15329369781
84 85 13057.730315793782
84 206 15143.873546751505
85 84 13057.730315793782
85 86 1233.9452986255103
86 85 1233.9452986255103
86 87 8716.767577491097
86 208 2150.683844734042
87 86 8716.767577491097
87 88 1744.8762133744617
88 87 1744.8762133744617
88 89 1108.873302050329
88 210 5874.42124808904
89 88 1108.873302050329
89 90 5493.627672130684
90 89 5493.627672130684
90 91 6595.330469354814
90 212 1716.3405839168402
91 90 6595.330469354814
91 92 6199.7649148979835
92 91 6199.7649148979835
92 93 5911.616107292489
92 214 6369.610349150095
93 92 5911.616107292489
93 94 153.39491516996253
94 93 153.39491516996253
94 95 20020.727509259
94 216 8535.310422005752
95 94 20020.727509259
95 96 4577.855502306729
96 95 4577.855502306729
96 97 3317.3882799575936
96 218 6644.204166038247
97 96 3317.3882799575936
97 98 2437.44866612612
98 97 2437.44866612612
98 99 4438.570603246049
98 220 3458.7247649964866
99 98 4438.570603246049
99 100 3655.4333532428136
100 99 3655.4333532428136
100 101 2944.610330756856
100 222 21055.16841537963
101 100 2944.610330756856
101 102 455.5655825454772
102 101 455.5655825454772
102 103 7778.200948805578
102 224 8708.051274538982
103 102 7778.200948805578
103 104 7434.233316220309
104 103 7434.233316220309
104 105 5663.280498085893
104 226 5138.070941511026
105 104 5663.280498085893
105 106 5886.440350500462
106 105 5886.440350500462
106 107 9775.116674495503
106 228 8713.689918742806
107 106 9775.116674495503
107 108 8992.582332122403
108 107 8992.582332122403
108 109 4766.638228353396
108 230 9122.69050225864
109 108 4766.638228353396
109 110 5670.195146553599
110 109 5670.195146553599
110 111 4590.472089012196
110 232 12636.262619936324
111 110 4590.472089012196
111 112 10459.02184719011
112 111 10459.02184719011
112 113 4712.70495575524
112 234 13803.177931186716
113 112 4712.70495575524
113 114 1014.0
114 113 1014.0
114 115 11269.752259921244
114 236 10683.113403872487
115 114 11269.752259921244
115 116 2976.9858918039904
116 115 2976.9858918039904
116 117 3498.7239102278418
116 238 9285.520125442625
117 116 3498.7239102278418
117 118 12112.813463436147
118 117 12112.813463436147
118 119 13191.122507201577
118 240 9170.842927452199
119 118 13191.122507201577
119 120 13004.711953749687
120 119 13004.711953749687
120 121 11197.39759944247
120 242 12059.468064554092
121 120 11197.39759944247
122 123 9221.25392774757
122 244 8063.4916754468095
123 1 11239.571922453275
123 122 9221.25392774757
123 124 5661.876014184698
124 123 5661.876014184698
124 125 5869.877341137547
124 246 13725.0897629123
125 3 2749.02637310012
125 124 5869.877341137547
125 126 1839.7132928801705
126 125 1839.7132928801705
126 127 393.64069911532266
126 248 9956.395783615675
127 5 8708.554529886116
127 126 393.64069911532266
127 128 5972.919721543225
128 127 5972.919721543225
128 129 4380.3043273270405
128 250 9371.832691635078
129 7 7248.25882540076
129 128 4380.3043273270405
129 130 8276.329681688616
130 129 8276.329681688616
130 131 17489.553567772964
130 252 2484.243144299688
131 9 6092.598542493999
131 130 17489.553567772964
131 132 10154.90566179716
132 131 10154.90566179716
132 133 15672.243521589371
132 254 17854.661296143368
133 11 4912.939649537739
133 132 15672.243521589371
133 134 9262.933930456376
134 133 9262.933930456376
134 135 4589.647589957207
134 256 19422.659756068424
135 13 7361.667745830424
135 134 4589.647589957207
135 136 817.5292043713179
136 135 817.5292043713179
136 137 2832.2238612087144
136 258 4798.507267890714
137 15 2335.3770573506968
137 136 2832.2238612087144
137 138 8956.785249183995
138 137 8956.785249183995
138 139 6569.003729638156
138 260 12554.315672309662
139 17 3219.763966504377
139 138 6569.003729638156
139 140 4191.802595542877
140 139 4191.802595542877
140 141 8755.144601889793
140 262 15708.331961096315
141 19 13631.759277510735
141 140 8755.144601889793
141 142 3996.2168359587295
142 141 3996.2168359587295
142 143 7509.2559551529475
142 264 6255.340838035926
143 21 9211.471815079281
143 142 7509.2559551529475
143 144 11251.040707419026
144 143 11251.040707419026
144 145 9670.284070284595
144 266 18302.934983220588
145 23 13272.690156859686
145 144 9670.284070284595
145 146 10473.88509579898
146 145 10473.88509579898
146 147 3043.5669862843497
146 268 14171.48464346626
147 25 8210.254137357746
147 146 3043.5669862843497
147 148 3884.9375799361305
148 147 3884.9375799361305
148 149 5082.738041646451
148 270 8089.308746734791
149 27 13664.395851994335
149 148 5082.738041646451
149 150 7428.940503194248
150 149 7428.940503194248
150 151 12989.86435648964
150 272 3709.6055046325346
151 29 9532.896988848668
151 150 12989.86435648964
151 152 15693.218471683876
152 151 15693.218471683876
152 153 2344.84221217548
152 274 1037.4839757798673
153 31 5746.705839000288
153 152 2344.84221217548
153 154 6428.428423806242
154 153 6428.428423806242
154 155 5079.484717961065
154 276 1224.7073119729464
155 33 5521.049175654932
155 154 5079.484717961065
155 156 1127.3065244200443
156 155 1127.3065244200443
156 157 3445.950812185223
156 278 3529.960481365195
157 35 8040.950006062716
157 156 3445.950812185223
157 158 7346.519243832415
158 157 7346.519243832415
158 159 14703.524543455558
158 280 6945.920385377304
159 37 9500.944637245288
159 158 14703.524543455558
159 160 9321.189677289052
160 159 9321.189677289052
160 161 2690.760858939345
160 282 6708.588301572843
161 39 1865.2412712568848
161 160 2690.760858939345
161 162 18142.34761545484
162 161 18142.34761545484
162 163 19921.882692155377
162 284 18898.765065474516
163 41 9082.30147044239
163 162 19921.882692155377
163 164 3552.8941723614566
164 163 3552.8941723614566
164 165 1855.1043097357087
164 286 3866.1324343586575
165 43 11853.366652559094
165 164 1855.1043097357087
165 166 3063.535375999435
166 165 3063.535375999435
166 167 942.7200008486083
166 288 5969.432552596603
167 45 11538.573785351464
167 166 942.7200008486083
167 168 9375.412790912196
168 167 9375.412790912196
168 169 7724.678957730218
168 290 8073.940797404945
169 47 5914.8978013149135
169 168 7724.678957730218
169 170 9182.03169238704
170 169 9182.03169238704
170 171 1191.6513751932653
170 292 7732.985193313123
171 49 3788.943520296918
171 170 1191.6513751932653
171 172 10925.39537042024
172 171 10925.39537042024
172 173 12570.940020539434
172 294 10342.1416060698
173 51 10856.746105532726
173 172 12570.940020539434
173 174 6867.281631038587
174 173 6867.281631038587
174 175 5578.545061214439
174 296 7639.074813090915
175 53 7011.810964365768
175 174 5578.545061214439
175 176 6901.507806269584
176 175 6901.507806269584
176 177 4013.067779143532
176 298 13696.61359606819
177 55 9353.491968243732
177 176 4013.067779143532
177 178 6507.619610886918
178 177 6507.619610886918
178 179 10164.10940515695
178 300 3073.7599125501
179 57 7012.0708068301765
179 178 10164.10940515695
179 180 6866.854665711224
180 179 6866.854665711224
180 181 2990.616324438827
180 302 10171.444833454096
181 59 12096.695953854507
181 180 2990.616324438827
181 182 3565.2394029012976
182 181 3565.2394029012976
182 183 4027.69872259582
182 304 9343.66031060633
183 61 5461.947637976768
183 182 4027.69872259582
183 184 3124.452752083155
184 183 3124.452752083155
184 185 4908.574131048649
184 306 13041.6319914342
185 63 7525.749132146248
185 184 4908.574131048649
185 186 4374.879426909958
186 185 4374.879426909958
186 187 3630.5032708978515
186 308 11452.703829227403
187 65 16760.731994754882
187 186 3630.5032708978515
187 188 9004.939089188778
188 187 9004.939089188778
188 189 9395.681401580196
188 310 9495.08804593196
189 67 5087.150184533576
189 188 9395.681401580196
189 190 9474.112992781962
190 189 9474.112992781962
190 191 6214.162212237463
190 312 14908.911764444782
191 69 9989.053308497258
191 190 6214.162212237463
191 192 3791.478471520048
192 191 3791.478471520048
192 193 10646.942847597145
192 314 7470.895863281726
193 71 9602.20235154415
193 192 10646.942847597145
193 194 6218.135572661632
194 193 6218.135572661632
194 195 2513.350950424552
194 316 19736.93534974465
195 73 8766.537400821375
195 194 2513.350950424552
195 196 4563.490988267644
196 195 4563.490988267644
196 197 349.35655139126845
196 318 15294.91059143531
197 75 10345.723029348892
197 196 349.35655139126845
197 198 7106.2520360595145
198 197 7106.2520360595145
198 199 1359.5664750206222
198 320 6312.325245105801
199 77 3267.680522939781
199 198 1359.5664750206222
199 200 4787.961570438927
200 199 4787.961570438927
200 201 1835.0730230701993
200 322 13372.238593444255
201 79 12632.468365287918
201 200 1835.0730230701993
201 202 3360.8838123327023
202 201 3360.8838123327023
202 203 5144.465375527374
202 324 14381.656719585542
203 81 14252.172465978652
203 202 5144.465375527374
203 204 740.6483646103595
204 203 740.6483646103595
204 205 4804.840163834797
204 326 4228.004375589032
205 83 9115.157157175076
205 204 4804.840163834797
205 206 5306.243209654077
206 205 5306.243209654077
206 207 5323.431224313882
206 328 16518.00911127004
207 85 8794.572928801033
207 206 5323.431224313882
207 208 6764.958610368581
208 207 6764.958610368581
208 209 6824.966300283101
208 330 15043.726798901926
209 87 1068.5958075905032
209 208 6824.966300283101
209 210 7869.910101138386
210 209 7869.910101138386
210 211 7743.902439984636
210 332 4588.002724497884
211 89 4928.423683085698
211 210 7743.902439984636
211 212 4007.745750418806
212 211 4007.745750418806
212 213 17776.64428400366
212 334 10422.763788938133
213 91 18286.103603556447
213 212 17776.64428400366
213 214 15818.800080916379
214 213 15818.800080916379
214 215 5245.163295837414
214 336 8722.16142937059
215 93 15344.870054842433
215 214 5245.163295837414
215 216 7788.439188951789
216 215 7788.439188951789
216 217 5595.292664374224
216 338 5491.372961291192
217 95 9525.614415878905
217 216 5595.292664374224
217 218 13875.446587407556
218 217 13875.446587407556
218 219 2676.6839559425016
218 340 4924.61947768556
219 97 1230.562879336119
219 218 2676.6839559425016
219 220 6563.296732587976
220 219 6563.296732587976
220 221 3086.4351605047527
220 342 1123.1963319028423
221 99 7010.3462111367935
221 220 3086.4351605047527
221 222 15892.38717122132
222 221 15892.38717122132
222 223 17094.23706984316
222 344 19151.75263520287
223 101 6246.015850123981
223 222 17094.23706984316
223 224 11871.733866626222
224 223 11871.733866626222
224 225 2787.2011050514457
224 346 12758.366862572968
225 103 13932.13842164942
225 224 2787.2011050514457
225 226 7917.395594512124
226 225 7917.395594512124
226 227 4558.200741520715
226 348 1106.3403635409854
227 105 11360.787868805579
227 226 4558.200741520715
227 228 10836.411998443027
228 227 10836.411998443027
228 229 6576.282004293916
228 350 2213.7264962049853
229 107 4132.3486058172775
229 228 6576.282004293916
229 230 10032.739406562896
230 229 10032.739406562896
230 231 4443.3917225470905
230 352 5774.248002987056
231 109 9979.537664641584
231 230 4443.3917225470905
231 232 8883.14279970777
232 231 8883.14279970777
232 233 9332.613781786966
232 354 9189.733674051713
233 111 5919.052373480065
233 232 9332.613781786966
233 234 3771.315155221054
234 233 3771.315155221054
234 235 6714.1278659257005
234 356 3080.8291091847336
235 113 6063.647911942117
235 234 6714.1278659257005
235 236 7102.241477167613
236 235 7102.241477167613
236 237 3681.9881857496503
236 358 7076.529163368155
237 115 4601.178653345249
237 236 3681.9881857496503
237 238 5514.796279102248
238 237 5514.796279102248
238 239 9297.524079022329
238 360 8505.745176056005
239 117 5731.748860513691
239 238 9297.524079022329
239 240 2948.298661940476
240 239 2948.298661940476
240 241 2388.650037154878
240 362 12121.816118057557
241 119 3433.158603968072
241 240 2388.650037154878
241 242 1162.26890176069
242 241 1162.26890176069
242 243 8827.9353192012
242 364 9534.018302898312
243 121 9629.744804510658
243 242 8827.9353192012
244 245 9480.120094176023
244 366 5174.800189379296
245 123 8233.063646055458
245 244 9480.120094176023
245 246 2625.3064583015826
246 245 2625.3064583015826
246 247 8749.375349132073
246 368 7780.129176305493
247 125 12174.42466813114
247 246 8749.375349132073
247 248 4146.676982838186
248 247 4146.676982838186
248 249 7300.9843856838925
248 370 6114.72460540947
249 127 15369.343024345575
249 248 7300.9843856838925
249 250 8638.258215635835
250 249 8638.258215635835
250 251 2916.1421433119476
250 372 15331.410274335496
251 129 6430.4933714295985
251 250 2916.1421433119476
251 252 5312.1219865511375
252 251 5312.1219865511375
252 253 16474.835416476853
252 374 21007.68721206597
253 131 5309.3813198902935
253 252 16474.835416476853
253 254 20048.42400289858
254 253 20048.42400289858
254 255 16499.42802038907
254 376 14395.733986150202
255 133 12956.711002411068
255 254 16499.42802038907
255 256 12446.061103819151
256 255 12446.061103819151
256 257 12585.058323265728
256 378 18960.022811167713
257 135 4267.507937895371
257 256 12585.058323265728
257 258 7288.358525758732
258 257 7288.358525758732
258 259 16623.119382354205
258 380 18958.39260063996
259 137 15505.656322774603
259 258 16623.119382354205
259 260 2729.8809497851735
260 259 2729.8809497851735
260 261 16702.65445969592
260 382 1029.5290185322608
261 139 2126.19895588348
261 260 16702.65445969592
261 262 19027.161743150238
262 261 19027.161743150238
262 263 19493.352969666354
262 384 11525.142255087354
263 141 10716.56698761315
263 262 19493.352969666354
263 264 13667.129179165608
264 263 13667.129179165608
264 265 8928.720513041048
264 386 5509.466126586132
265 143 3858.9130593989807
265 264 8928.720513041048
265 266 8726.462971903336
266 265 8726.462971903336
266 267 6547.099281361174
266 388 18098.292184623388
267 145 10881.935489608455
267 266 6547.099281361174
267 268 6475.760495880001
268 267 6475.760495880001
268 269 3430.3954582525903
268 390 7001.640450637265
269 147 11831.866294038316
269 268 3430.3954582525903
269 270 7883.3264552471755
270 269 7883.3264552471755
270 271 14537.053656088638
270 392 9173.959341527518
271 149 15626.122903650796
271 270 14537.053656088638
271 272 6266.790965079336
272 271 6266.790965079336
272 273 2514.238055554804
272 394 9148.576337332492
273 151 8992.71093719797
273 272 2514.238055554804
273 274 12339.30326234022
274 273 12339.30326234022
274 275 9360.342835601696
274 396 15896.382607373289
275 153 8018.337109401175
275 274 9360.342835601696
275 276 3490.949727509693
276 275 3490.949727509693
276 277 1257.2688654380972
276 398 8021.771437781059
277 155 3754.710374982337
277 276 1257.2688654380972
277 278 4640.37897159273
278 277 4640.37897159273
278 279 9687.6439344146
278 400 7734.586543571673
279 157 12549.466323314311
279 278 9687.6439344146
279 280 11358.336585961872
280 279 11358.336585961872
280 281 13803.643142301238
280 402 10533.100445737713
281 159 6051.058750334523
281 280 13803.643142301238
281 282 5475.0673055223715
282 281 5475.0673055223715
282 283 5960.427669219718
282 404 11864.564130215656
283 161 14732.232587086046
283 282 5960.427669219718
283 284 15707.411785523418
284 283 15707.411785523418
284 285 2460.1239806156113
284 406 8738.650753977985
285 163 1730.5678258883702
285 284 2460.1239806156113
285 286 1790.110611107593
286 285 1790.110611107593
286 287 2316.259484600117
286 408 11690.298755806029
287 165 4199.420198074968
287 286 2316.259484600117
287 288 3317.753758192431
288 287 3317.753758192431
288 289 4646.544737759446
288 410 17065.854827696152
289 167 1889.800518573323
289 288 4646.544737759446
289 290 15271.45654480934
290 289 15271.45654480934
290 291 4946.849199237834
290 412 8117.118823819201
291 169 10419.681569030792
291 290 4946.849199237834
291 292 6976.406668192444
292 291 6976.406668192444
292 293 9349.980213882807
292 414 14975.014557588918
293 171 2404.800407518262
293 292 9349.980213882807
293 294 7190.514863346018
294 293 7190.514863346018
294 295 1433.8235595776769
294 416 8997.045403908996
295 173 13387.155784557077
295 294 1433.8235595776769
295 296 15079.45851149835
296 295 15079.45851149835
296 297 2196.2754836313225
296 418 4686.187469574814
297 175 8755.103483112007
297 296 2196.2754836313225
297 298 14995.52616616036
298 297 14995.52616616036
298 299 14932.989051090877
298 420 6366.1310856751925
299 177 4328.384109572532
299 298 14932.989051090877
299 300 8584.393397322841
300 299 8584.393397322841
300 301 5251.491692843091
300 422 3888.593576088918
301 179 6972.070352484978
301 300 5251.491692843091
301 302 11919.16314176461
302 301 11919.16314176461
302 303 6170.333054220007
302 424 7420.273916776927
303 181 9526.161136575425
303 302 6170.333054220007
303 304 739.449795456054
304 303 739.449795456054
304 305 8771.977485151225
304 426 1615.7140836175192
305 183 13942.356257103747
305 304 8771.977485151225
305 306 3010.004983384579
306 305 3010.004983384579
306 307 14891.13810291208
306 428 7734.923011898696
307 185 15631.689128178055
307 306 14891.13810291208
307 308 168.04761230080004
308 307 168.04761230080004
308 309 16814.216633551503
308 430 12066.414256107735
309 187 2951.3579925180206
309 308 16814.216633551503
309 310 3658.726144438799
310 309 3658.726144438799
310 311 4687.811536314147
310 432 6169.876254836883
311 189 14858.945756681394
311 310 4687.811536314147
311 312 9258.51348759616
312 311 9258.51348759616
312 313 8255.529177466457
312 434 8209.239002489816
313 191 14823.406491086993
313 312 8255.529177466457
313 314 15137.95131449431
314 313 15137.95131449431
314 315 2662.8054754337577
314 436 6917.62712207011
315 193 1233.0879936160275
315 314 2662.8054754337577
315 316 17358.849760280777
316 315 17358.849760280777
316 317 20333.83529981494
316 438 9590.39529946498
317 195 4241.060244797284
317 316 20333.83529981494
317 318 17612.008289800455
318 317 17612.008289800455
318 319 16879.26908962589
318 440 9411.838077655182
319 197 4028.907171926402
319 318 16879.26908962589
319 320 3088.7837412159497
320 319 3088.7837412159497
320 321 8803.687920411536
320 442 16528.116196348572
321 199 1475.8441652152844
321 320 8803.687920411536
321 322 11703.159103421605
322 321 11703.159103421605
322 323 2233.693130221786
322 444 3481.7380717107367
323 201 13713.722215357871
323 322 2233.693130221786
323 324 7524.541248474886
324 323 7524.541248474886
324 325 4995.944455255682
324 446 10230.729055155356
325 203 13102.749520615893
325 324 4995.944455255682
325 326 12023.621584198332
326 325 12023.621584198332
326 327 16717.10061583647
326 448 10081.911177946371
327 205 13909.17830067614
327 326 16717.10061583647
327 328 4483.587960551237
328 327 4483.587960551237
328 329 9867.912494545135
328 450 4256.347730155514
329 207 6137.639448517646
329 328 9867.912494545135
329 330 12225.781161136494
330 329 12225.781161136494
330 331 487.5674312338756
330 452 2855.8054905752947
331 209 17833.141983397094
331 330 487.5674312338756
331 332 15021.748267095943
332 331 15021.748267095943
332 333 2522.0882220889894
332 454 12272.434192123419
333 211 6857.052500892785
333 332 2522.0882220889894
333 334 3151.1470927267105
334 333 3151.1470927267105
334 335 8417.059938006858
334 456 2256.5907914373843
335 213 1100.8383169203369
335 334 8417.059938006858
335 336 8987.123510890457
336 335 8987.123510890457
336 337 5805.346673541555
336 458 10019.106746611697
337 215 9650.460092658795
337 336 5805.346673541555
337 338 13484.431689915597
338 337 13484.431689915597
338 339 13732.861209522216
338 460 1272.6291682968767
339 217 8341.70546111525
339 338 13732.861209522216
339 340 7182.242337877496
340 339 7182.242337877496
340 341 3646.0279757566313
340 462 3351.425368406702
341 219 3264.7162204393817
341 340 3646.0279757566313
341 342 7986.980530838923
342 341 7986.980530838923
342 343 12207.887614161591
342 464 7199.692840670357
343 221 8425.085637546956
343 342 12207.887614161591
343 344 11338.292508133665
344 343 11338.292508133665
344 345 2717.9996320823884
344 466 2671.031448710404
345 223 6360.40061631341
345 344 2717.9996320823884
345 346 3147.1460086878715
346 345 3147.1460086878715
346 347 8858.270034267412
346 468 11147.066519941469
347 225 6202.16808866061
347 346 8858.270034267412
347 348 4421.427936764321
348 347 4421.427936764321
348 349 5345.548428365419
348 470 6526.593598501442
349 227 9021.827586470494
349 348 5345.548428365419
349 350 9903.556179474119
350 349 9903.556179474119
350 351 6542.113572844788
350 472 10717.476615323218
351 229 3542.458186062328
351 350 6542.113572844788
351 352 7907.4047575674285
352 351 7907.4047575674285
352 353 5582.444804921944
352 474 9528.001311922664
353 231 6429.321892703771
353 352 5582.444804921944
353 354 12213.261685561314
354 353 12213.261685561314
354 355 4977.094031661447
354 476 7778.501912322192
355 233 6378.685914826031
355 354 4977.094031661447
355 356 4832.392782049075
356 355 4832.392782049075
356 357 10193.401787430927
356 478 3953.1840331560584
357 235 9620.476339558245
357 356 10193.401787430927
357 358 16598.847972073243
358 357 16598.847972073243
358 359 4828.47066885572
358 480 17171.829081376276
359 237 5935.311702008581
359 358 4828.47066885572
359 360 2787.4421967100952
360 359 2787.4421967100952
360 361 9148.111061853151
360 482 7063.001061871646
361 239 10247.336678376485
361 360 9148.111061853151
361 362 14033.379778228764
362 361 14033.379778228764
362 363 1843.6773036515908
362 484 6204.0987258424575
363 241 11605.498395157358
363 362 1843.6773036515908
363 364 11790.38273339759
364 363 11790.38273339759
364 365 11844.389726786265
364 486 9628.961418553925
365 243 11705.5983614679
365 364 11844.389726786265
366 367 1776.361731179773
366 488 11584.077434133458
367 245 7058.688334244543
367 366 1776.361731179773
367 368 4926.665099232949
368 367 4926.665099232949
368 369 10126.284609865555
368 490 9003.180826796715
369 247 11615.904312622413
369 368 10126.284609865555
369 370 7445.2165851639265
370 369 7445.2165851639265
370 371 8434.623939453377
370 492 9522.893362838839
371 249 16182.022648606076
371 370 8434.623939453377
371 372 7742.977011460127
372 371 7742.977011460127
372 373 12434.079378868384
372 494 10686.175789308352
373 251 8685.947386439777
373 372 12434.079378868384
373 374 9940.882858177134
374 373 9940.882858177134
374 375 9152.943242476706
374 496 10524.656098894633
375 253 11563.172661514658
375 374 9152.943242476706
375 376 7217.898031975791
376 375 7217.898031975791
376 377 4869.338045360992
376 498 4487.8175096587875
377 255 1836.0787020168825
377 376 4869.338045360992
377 378 12582.618209259947
378 377 12582.618209259947
378 379 13979.88887652545
378 500 5655.9353779900985
379 257 7704.022650537834
379 378 13979.88887652545
379 380 4146.2885813700905
380 379 4146.2885813700905
380 381 6680.644654522496
380 502 16413.936578407996
381 259 1754.5497998062067
381 380 6680.644654522496
381 382 3776.075343527986
382 381 3776.075343527986
382 383 17584.54562961466
382 504 3421.803179611592
383 261 1973.1733324774082
383 382 17584.54562961466
383 384 9463.018598734761
384 383 9463.018598734761
384 385 9111.11255555544
384 506 5613.885018416391
385 263 3222.262869475425
385 384 9111.11255555544
385 386 9674.266948973447
386 385 9674.266948973447
386 387 8162.326200293639
386 508 10161.55426103704
387 265 9832.11981212597
387 386 8162.326200293639
387 388 1619.4134740701647
388 387 1619.4134740701647
388 389 1720.2976486643233
388 510 17318.639351865953
389 267 13239.712421348131
389 388 1720.2976486643233
389 390 12146.388434427741
390 389 12146.388434427741
390 391 7462.566046608901
390 512 1427.0592139080984
391 269 10340.907213586243
391 390 7462.566046608901
391 392 11057.678960794621
392 391 11057.678960794621
392 393 5834.470841473115
392 514 10498.114211609625
393 271 16128.805566439196
393 392 5834.470841473115
393 394 8135.282724036086
394 393 8135.282724036086
394 395 8744.668833066236
394 516 3472.604354083546
395 273 12532.875208825786
395 394 8744.668833066236
395 396 16131.3947940034
396 395 16131.3947940034
396 397 4307.188410088419
396 518 14328.249369689236
397 275 3762.1124385111084
397 396 4307.188410088419
397 398 13097.413828691526
398 397 13097.413828691526
398 399 16788.52908982797
398 520 11093.631055700384
399 277 8353.860484829753
399 398 16788.52908982797
399 400 4930.182653817199
400 399 4930.182653817199
400 401 4109.857905086257
400 522 2079.2426505821777
401 279 6219.945337380385
401 400 4109.857905086257
401 402 7023.685713355916
402 401 7023.685713355916
402 403 10866.397793197155
402 524 10146.007786316744
403 281 14160.963385306806
403 402 10866.397793197155
403 404 10430.964672550665
404 403 10430.964672550665
404 405 10262.259497790923
404 526 1515.052804360297
405 283 18061.26114090597
405 404 10262.259497790923
405 406 8296.066176206648
406 405 8296.066176206648
406 407 335.2924096963723
406 528 15844.95433884238
407 285 6658.586186271076
407 406 335.2924096963723
407 408 7129.7832365367185
408 407 7129.7832365367185
408 409 7176.303017571095
408 530 4901.942574123039
409 287 17041.878887024166
409 408 7176.303017571095
409 410 1283.3990026488254
410 409 1283.3990026488254
410 411 14895.67413714465
410 532 16131.40297680273
411 289 4241.56209432327
411 410 14895.67413714465
411 412 13445.409030594792
412 411 13445.409030594792
412 413 1861.5114826398467
412 534 10934.509819831888
413 291 8619.10726235612
413 412 1861.5114826398467
413 414 16001.597451504647
414 413 16001.597451504647
414 415 11295.783018454276
414 536 16464.828726713193
415 293 5510.353981369981
415 414 11295.783018454276
415 416 7286.303932721994
416 415 7286.303932721994
416 417 13991.487161842375
416 538 11446.123623305839
417 295 7323.772047244507
417 416 13991.487161842375
417 418 8961.042629069454
418 417 8961.042629069454
418 419 11680.433938856895
418 540 11026.96231969621
419 297 9784.501213654174
419 418 11680.433938856895
419 420 5475.074063425992
420 419 5475.074063425992
420 421 794.0837487318324
420 542 5810.706153300131
421 299 9996.434964526103
421 420 794.0837487318324
421 422 2577.683068183519
422 421 2577.683068183519
422 423 1650.8058638131863
422 544 10721.735120772197
423 301 9698.278455478581
423 422 1650.8058638131863
423 424 3939.239774372715
424 423 3939.239774372715
424 425 3639.0858742272076
424 546 8189.693522959208
425 303 3441.6113958435226
425 424 3639.0858742272076
425 426 1544.5986533724545
426 425 1544.5986533724545
426 427 8453.78223045756
426 548 4957.933843850682
427 305 12325.198781358456
427 426 8453.78223045756
427 428 6223.08902394944
428 427 6223.08902394944
428 429 2882.2430501260646
428 550 6557.937556884786
429 307 6070.156587766085
429 428 2882.2430501260646
429 430 6166.8909508763
430 429 6166.8909508763
430 431 7428.039108674644
430 552 4306.634532903854
431 309 12959.5620682182
431 430 7428.039108674644
431 432 11783.185350320176
432 431 11783.185350320176
432 433 8518.223523716668
432 554 7706.0
433 311 14312.749351539696
433 432 8518.223523716668
433 434 16393.360271768568
434 433 16393.360271768568
434 435 5822.16875399537
434 556 4714.315750986563
435 313 11626.394281977538
435 434 5822.16875399537
435 436 3331.5259266588337
436 435 3331.5259266588337
436 437 6493.094562687348
436 558 13724.221216520813
437 315 7478.800772851219
437 436 6493.094562687348
437 438 10779.095787680895
438 437 10779.095787680895
438 439 11309.768521061782
438 560 4067.2145259378685
439 317 7312.83064209749
439 438 11309.768521061782
439 440 4967.919484049636
440 439 4967.919484049636
440 441 12032.25618909438
440 562 8237.79733909496
441 319 18595.450034887566
441 440 12032.25618909438
441 442 2233.850487387193
442 441 2233.850487387193
442 443 2672.710234948787
442 564 949.2549710167443
443 321 10907.395106073676
443 442 2672.710234948787
443 444 6136.173481902219
444 443 6136.173481902219
444 445 6467.882265471442
444 566 2642.6586991134513
445 323 6490.554983974791
445 444 6467.882265471442
445 446 8335.721324516553
446 445 8335.721324516553
446 447 8940.96549596295
446 568 3084.2031385756677
447 325 2124.8025790647
447 446 8940.96549596295
447 448 7784.050937654506
448 447 7784.050937654506
448 449 4559.623887997781
448 570 6441.6957394773
449 327 10284.152177014885
449 448 4559.623887997781
449 450 9695.271063771244
450 449 9695.271063771244
450 451 1324.2752734986786
450 572 12709.207764451725
451 329 12713.78189210433
451 450 1324.2752734986786
451 452 11487.86577219633
452 451 11487.86577219633
452 453 6835.401085525267
452 574 6469.936707572957
453 331 6085.50778489355
453 452 6835.401085525267
453 454 9039.433887141384
454 453 9039.433887141384
454 455 1480.0337833982035
454 576 12166.808332508572
455 333 11337.123532889636
455 454 1480.0337833982035
455 456 12059.634654499281
456 455 12059.634654499281
456 457 4391.567373956592
456 578 11464.360863127085
457 335 11276.188895189722
457 456 4391.567373956592
457 458 11310.344159219912
458 457 11310.344159219912
458 459 15465.968382225537
458 580 10929.613442386697
459 337 11153.967007302828
459 458 15465.968382225537
459 460 2485.867454230012
460 459 2485.867454230012
460 461 13573.219257051733
460 582 7435.53690058761
461 339 5113.720856675694
461 460 13573.219257051733
461 462 6643.293911908459
462 461 6643.293911908459
462 463 3148.5368030245413
462 584 4989.250945783345
463 341 7951.37472390781
463 462 3148.5368030245413
463 464 10116.25943716352
464 463 10116.25943716352
464 465 3908.033392897251
464 586 5317.690194059824
465 343 9455.503371053283
465 464 3908.033392897251
465 466 3798.3757054825423
466 465 3798.3757054825423
466 467 2982.451340759812
466 588 7272.926921123297
467 345 2718.3643979422627
467 466 2982.451340759812
467 468 8419.657059524456
468 467 8419.657059524456
468 469 7274.4776444773
468 590 12697.731844703605
469 347 4282.362081842216
469 468 7274.4776444773
469 470 6431.925528175835
470 469 6431.925528175835
470 471 2620.3268880046244
470 592 13038.289189920586
471 349 10027.052258764787
471 470 2620.3268880046244
471 472 9678.9603263987
472 471 9678.9603263987
472 473 469.7286450707472
472 594 3233.810909747198
473 351 15151.723136330073
473 472 469.7286450707472
473 474 4428.770145311224
474 473 4428.770145311224
474 475 15532.717373338124
474 596 12137.741799857171
475 353 7541.61812875725
475 474 15532.717373338124
475 476 10566.591929283539
476 475 10566.591929283539
476 477 11079.173344613759
476 598 10181.144582020235
477 355 1248.336893630882
477 476 11079.173344613759
477 478 8343.948286033417
478 477 8343.948286033417
478 479 14594.213819181901
478 600 11672.102295644945
479 357 10628.889170557759
479 478 14594.213819181901
479 480 3250.096152423802
480 479 3250.096152423802
480 481 7435.1361789815255
480 602 5270.407384633563
481 359 11920.0131291874
481 480 7435.1361789815255
481 482 4702.479452374035
482 481 4702.479452374035
482 483 2619.5810733779554
482 604 6656.417129357204
483 361 5821.384457326281
483 482 2619.5810733779554
483 484 6014.023611526646
484 483 6014.023611526646
484 485 12310.273108262058
484 606 6653.795082507426
485 363 17325.97497978108
485 484 12310.273108262058
485 486 10959.999452554732
486 485 10959.999452554732
486 487 2029.9167470613172
486 608 8275.812044748238
487 365 630.0507916033437
487 486 2029.9167470613172
488 489 1125.189761773542
488 610 2865.9485340808196
489 367 13715.567250391068
489 488 1125.189761773542
489 490 4940.209408517011
490 489 4940.209408517011
490 491 7331.1694155843925
490 612 8139.790906405397
491 369 10720.374340478975
491 490 7331.1694155843925
491 492 5950.459646111382
492 491 5950.459646111382
492 493 4074.702933957272
492 614 10215.37630241784
493 371 2494.595959268755
493 492 4074.702933957272
493 494 3041.714812404345
494 493 3041.714812404345
494 495 2623.0428894701663
494 616 12646.4445991749
495 373 1810.3715088345816
495 494 2623.0428894701663
495 496 3099.624009456631
496 495 3099.624009456631
496 497 2737.211171977785
496 618 7549.294337883509
497 375 1292.5853936974531
497 496 2737.211171977785
497 498 8358.85309118422
498 497 8358.85309118422
498 499 12221.87546982868
498 620 5768.394230632993
499 377 12172.58974088916
499 498 12221.87546982868
499 500 3888.6003908861603
500 499 3888.6003908861603
500 501 10012.020375528607
500 622 5660.203618245549
501 379 14546.366831618128
501 500 10012.020375528607
501 502 7176.879614428543
502 501 7176.879614428543
502 503 11932.780396873144
502 624 11150.262777172564
503 381 5383.256356518794
503 502 11932.780396873144
503 504 7750.272575851768
504 503 7750.272575851768
504 505 14015.315194457811
504 626 8154.267103792959
505 383 10187.338514057536
505 504 14015.315194457811
505 506 8972.74183290704
506 505 8972.74183290704
506 507 10967.270991454528
506 628 9207.669683475837
507 385 3127.857093922291
507 506 10967.270991454528
507 508 16028.670375299382
508 507 16028.670375299382
508 509 8628.299079192839
508 630 13918.950571073956
509 387 6560.174769013399
509 508 8628.299079192839
509 510 11216.516571556429
510 509 11216.516571556429
510 511 11225.173718032162
510 632 15336.063151930484
511 389 9352.05699298288
511 510 11225.173718032162
511 512 8739.937070711665
512 511 8739.937070711665
512 513 10770.658522114607
512 634 6701.71119938781
513 391 4727.5918817089105
513 512 10770.658522114607
513 514 7194.883251311309
514 513 7194.883251311309
514 515 9364.358066626884
514 636 3613.0856618685366
515 393 11990.072977259146
515 514 9364.358066626884
515 516 10535.365679462673
516 515 10535.365679462673
516 517 866.485429767864
516 638 11436.320605859211
517 395 5630.050177396291
517 516 866.485429767864
517 518 3421.668160415326
518 517 3421.668160415326
518 519 1399.7056833491818
518 640 5234.8070642574785
519 397 10399.818171487423
519 518 1399.7056833491818
519 520 13819.445900614106
520 519 13819.445900614106
520 521 5577.372947902982
520 642 13648.590879647612
521 399 11391.240494344767
521 520 5577.372947902982
521 522 8801.595139518746
522 521 8801.595139518746
522 523 3407.615148457936
522 644 12769.332676377415
523 401 5335.706232543167
523 522 3407.615148457936
523 524 9240.035173093229
524 523 9240.035173093229
524 525 13959.820665037212
524 646 9712.417052412855
525 403 10593.765147481796
525 524 13959.820665037212
525 526 1381.4430860516838
526 525 1381.4430860516838
526 527 14937.016100948676
526 648 9348.661615439934
527 405 7451.668605084367
527 526 14937.016100948676
527 528 21192.271539407946
528 527 21192.271539407946
528 529 3083.258827928658
528 650 13440.375069171247
529 407 12786.303687931082
529 528 3083.258827928658
529 530 2002.1448499047215
530 529 2002.1448499047215
530 531 17957.92777577636
530 652 8430.50520431605
531 409 20049.803789563626
531 530 17957.92777577636
531 532 12106.519772420148
532 531 12106.519772420148
532 533 9584.095210295023
532 654 15895.273416962666
533 411 7196.9088503328985
533 532 9584.095210295023
533 534 8336.287183152941
534 533 8336.287183152941
534 535 10963.100154609552
534 656 4307.037264756366
535 413 18565.04395362424
535 534 10963.100154609552
535 536 20305.62820993234
536 535 20305.62820993234
536 537 8896.725746025893
536 658 17084.052241783855
537 415 2860.7579415252876
