18512
0 1 69.35416353759881
0 136 495.68235796727726
1 0 69.35416353759881
1 2 12.041594578792296
2 1 12.041594578792296
2 3 297.00168349691216
2 138 1190.144949155354
3 2 297.00168349691216
3 4 16.278820596099706
4 3 16.278820596099706
4 5 217.03686322834653
4 140 246.29453911932356
5 4 217.03686322834653
5 6 867.0092271711991
6 5 867.0092271711991
6 7 956.0047071013825
6 142 1733.8056407798424
7 6 956.0047071013825
7 8 172.04650534085255
8 7 172.04650534085255
8 9 379.0052770081177
8 144 206.60348496576722
9 8 379.0052770081177
9 10 1188.0004208753464
10 9 1188.0004208753464
10 11 1038.0
10 146 1675.3032561300656
11 10 1038.0
11 12 943.0
12 11 943.0
12 13 1106.0018083167856
12 148 2155.5695303097973
13 12 1106.0018083167856
13 14 130.0
14 13 130.0
14 15 813.0006150059174
14 150 900.5775924372092
15 14 813.0006150059174
15 16 1871.0096204990502
16 15 1871.0096204990502
16 17 79.00632886041473
16 152 911.7987716596244
17 16 79.00632886041473
17 18 884.0005656106788
18 17 884.0005656106788
18 19 948.0047468235589
18 154 359.2798352259698
19 18 948.0047468235589
19 20 23.0
20 19 23.0
20 21 1016.0004921258651
20 156 807.5208975624098
21 20 1016.0004921258651
21 22 1067.0004686034586
22 21 1067.0004686034586
22 23 1041.000480307286
22 158 279.23466833471804
23 22 1041.000480307286
23 24 152.0
24 23 152.0
24 25 720.0062499728735
24 160 903.606662215369
25 24 720.0062499728735
25 26 1110.000450450359
26 25 1110.000450450359
26 27 194.02319448973105
26 162 649.0893621066363
27 26 194.02319448973105
27 28 1026.000487329319
28 27 1026.000487329319
28 29 1291.0
28 164 113.95174417269794
29 28 1291.0
29 30 1108.000451263446
30 29 1108.000451263446
30 31 930.0048386970898
30 166 1523.1234355757251
31 30 930.0048386970898
31 32 920.0048912913453
32 31 920.0048912913453
32 33 1003.0004985043627
32 168 1476.8811732837548
33 32 1003.0004985043627
33 34 243.00205760445732
34 33 243.00205760445732
34 35 1154.000433275482
34 170 264.1968962724581
35 34 1154.000433275482
35 36 2065.0002421307363
36 35 2065.0002421307363
36 37 88.0
36 172 1543.6437412822947
37 36 88.0
37 38 15.033296378372908
38 37 15.033296378372908
38 39 102.0196059588548
38 174 133.00375934536586
39 38 102.0196059588548
39 40 45.0
40 39 45.0
40 41 1113.0
40 176 629.9817457672881
41 40 1113.0
41 42 996.0045180620417
42 41 996.0045180620417
42 43 28.0178514522438
42 178 865.1531656302253
43 42 28.0178514522438
43 44 172.00290695217916
44 43 172.00290695217916
44 45 2014.002234358244
44 180 1160.5795965809498
45 44 2014.002234358244
45 46 2045.0009779948762
46 45 2045.0009779948762
46 47 165.01212076693034
46 182 1389.6028209528074
47 46 165.01212076693034
47 48 119.01680553602503
48 47 119.01680553602503
48 49 1151.0
48 184 104.17773274553444
49 48 1151.0
49 50 21.02379604162864
50 49 21.02379604162864
50 51 204.00980368599937
50 186 254.23217734976035
51 50 204.00980368599937
51 52 49.01020301937138
52 51 49.01020301937138
52 53 837.0023894828497
52 188 838.3996660304679
53 52 837.0023894828497
53 54 20.0
54 53 20.0
54 55 39.0
54 190 184.70787747142785
55 54 39.0
55 56 1736.0
56 55 1736.0
56 57 1970.0002538070903
56 192 290.6217472936256
57 56 1970.0002538070903
57 58 876.0005707760697
58 57 876.0005707760697
58 59 448.0
58 194 266.7376988728815
59 58 448.0
59 60 1062.0004708096885
60 59 1062.0004708096885
60 61 635.0
60 196 168.6297719858507
61 60 635.0
61 62 413.0
62 61 413.0
62 63 1223.0004088306757
62 198 245.69289774024807
63 62 1223.0004088306757
63 64 151.00331122197287
64 63 151.00331122197287
64 65 84.0
64 200 93.04837451562494
65 64 84.0
65 66 164.00304875214974
66 65 164.00304875214974
66 67 65.0
66 202 149.4590244849738
67 66 65.0
67 68 248.0020161208372
68 67 248.0020161208372
68 69 1170.0
68 204 264.86411610484345
69 68 1170.0
69 70 1035.0004830916746
70 69 1035.0004830916746
70 71 44.01136216933077
70 206 122.14745187681976
71 70 44.01136216933077
71 72 219.0091322296858
72 71 219.0091322296858
72 73 764.0
72 208 304.54720487963766
73 72 764.0
73 74 903.0005537096863
74 73 903.0005537096863
74 75 1956.0
74 210 862.1397798501123
75 74 1956.0
75 76 1006.0004970177698
76 75 1006.0004970177698
76 77 292.00171232374646
76 212 916.9345669130377
77 76 292.00171232374646
77 78 631.0071314969427
78 77 631.0071314969427
78 79 221.00226243185838
78 214 1206.5127434055555
79 78 221.00226243185838
79 80 1052.0004752850637
80 79 1052.0004752850637
80 81 94.0
80 216 998.0661300735538
81 80 94.0
81 82 1015.0
82 81 1015.0
82 83 803.0
82 218 1072.8662544790939
83 82 803.0
83 84 14.0
84 83 14.0
84 85 2008.0002490039685
84 220 203.48218595248088
85 84 2008.0002490039685
85 86 585.003418793429
86 85 585.003418793429
86 87 50.0
86 222 703.0455177298267
87 86 50.0
87 88 753.0006640103314
88 87 753.0006640103314
88 89 138.01449199268893
88 224 212.47352776287215
89 88 138.01449199268893
89 90 747.000669343743
90 89 747.000669343743
90 91 459.0
90 226 683.8164958525058
91 90 459.0
91 92 1306.000382848336
92 91 1306.000382848336
92 93 1468.0003405994155
92 228 89.02246907382428
93 92 1468.0003405994155
93 94 1340.0003731342765
94 93 1340.0003731342765
94 95 771.0
94 230 1105.508028012461
95 94 771.0
95 96 437.0
96 95 437.0
96 97 1275.0003921568025
96 232 499.98499977499324
97 96 1275.0003921568025
97 98 50.0
98 97 50.0
98 99 1739.0002875215403
98 234 675.1607216063446
99 98 1739.0002875215403
99 100 108.0
100 99 108.0
100 101 1926.0010384213192
100 236 1904.223726351502
101 100 1926.0010384213192
101 102 116.00431026474836
102 101 116.00431026474836
102 103 182.0
102 238 139.8177385026664
103 102 182.0
103 104 12.0
104 103 12.0
104 105 1537.0003253090092
104 240 337.4996296294264
105 104 1537.0003253090092
105 106 1639.000305064035
106 105 1639.000305064035
106 107 164.00304875214974
106 242 164.75436261295178
107 106 164.00304875214974
107 108 626.0007987215351
108 107 626.0007987215351
108 109 811.0
108 244 621.5504806530198
109 108 811.0
109 110 319.0015673942685
110 109 319.0015673942685
110 111 975.0
110 246 1035.9169850909868
111 110 975.0
111 112 1803.0011092619993
112 111 1803.0011092619993
112 113 571.0
112 248 396.35337768208814
113 112 571.0
113 114 218.0
114 113 218.0
114 115 398.0
114 250 1116.6328850611555
115 114 398.0
115 116 195.00256408570633
116 115 195.00256408570633
116 117 1176.0017006790424
116 252 1178.51856158484
117 116 1176.0017006790424
117 118 112.0
118 117 112.0
118 119 945.0
118 254 1183.3515961032037
119 118 945.0
119 120 1102.0004537204147
120 119 1102.0004537204147
120 121 1126.0
120 256 499.98499977499324
121 120 1126.0
121 122 157.0
122 121 157.0
122 123 114.00438588054409
122 258 1461.773238228146
123 122 114.00438588054409
123 124 1362.0014684279897
124 123 1362.0014684279897
124 125 2046.0
124 260 1166.3245688915242
125 124 2046.0
125 126 1968.0002540650241
126 125 1968.0002540650241
126 127 2023.0
126 262 1243.118658857633
127 126 2023.0
127 128 1366.0003660321618
128 127 1366.0003660321618
128 129 339.0
128 264 743.2280941945077
129 128 339.0
129 130 281.00177935379696
130 129 281.00177935379696
130 131 683.0007320640293
130 266 1220.177446111835
131 130 683.0007320640293
131 132 47.042533945356304
132 131 47.042533945356304
132 133 119.0
132 268 200.39211561336438
133 132 119.0
133 134 1768.0002828054073
134 133 1768.0002828054073
134 135 1746.0002863688196
134 270 260.2710126003278
135 134 1746.0002863688196
136 137 163.00306745579974
136 272 95.25754563287887
137 1 404.6245172996812
137 136 163.00306745579974
137 138 790.0006329111388
138 137 790.0006329111388
138 139 112.0
138 274 1977.742399808428
139 3 785.2216247659001
139 138 112.0
139 140 995.0
140 139 995.0
140 141 1244.0016077160028
140 276 1331.7796364263872
141 5 1262.0277334512107
141 140 1244.0016077160028
141 142 393.0
142 141 393.0
142 143 300.00166666203705
142 278 325.3013987058771
143 7 1080.4897037917576
143 142 300.00166666203705
143 144 1067.0
144 143 1067.0
144 145 338.0
144 280 998.5394333725634
145 9 173.97126199461795
145 144 338.0
145 146 358.0
146 145 358.0
146 147 1706.0026377470815
146 282 2101.8013702536214
147 11 1080.0268515180537
147 146 1706.0026377470815
147 148 136.0036764208968
148 147 136.0036764208968
148 149 817.0
148 284 1335.5815212857656
149 13 259.47061490658245
149 148 817.0
149 150 533.0037523320075
150 149 533.0037523320075
150 151 23.021728866442675
150 286 1106.967479197108
151 15 1732.443361267548
151 150 23.021728866442675
151 152 761.0006570299397
152 151 761.0006570299397
152 153 1011.0004945597208
152 288 348.54268031332975
153 17 220.80987296767324
153 152 1011.0004945597208
153 154 1409.0003548615593
154 153 1409.0003548615593
154 155 1257.0003977724111
154 290 1460.2482665629157
155 19 120.78493283518438
155 154 1257.0003977724111
155 156 792.0
156 155 792.0
156 157 874.0005720821927
156 292 347.3384516577455
157 21 1097.255667563399
157 156 874.0005720821927
157 158 278.0
158 157 278.0
158 159 1194.0
158 294 171.7672844286711
159 23 422.9349831829947
159 158 1194.0
159 160 1151.0017376181497
160 159 1151.0017376181497
160 161 642.0
160 296 924.3819556871499
161 25 980.6487648490667
161 160 642.0
161 162 775.0006451610218
162 161 775.0006451610218
162 163 932.0
162 298 105.55093557141026
163 27 148.73466307488647
163 162 932.0
163 164 1146.0017451993692
164 163 1146.0017451993692
164 165 37.0
164 300 864.5258816252987
165 29 1279.9097624442122
165 164 37.0
165 166 1686.000296559879
166 165 1686.000296559879
166 167 314.00159235265033
166 302 1521.0013149238234
167 31 296.1840643923977
167 166 314.00159235265033
167 168 278.0
168 167 278.0
168 169 1358.0003681884625
168 304 1237.524141178668
169 33 894.4232778723953
169 168 1358.0003681884625
169 170 403.0
170 169 403.0
170 171 1248.0
170 306 696.7244792599151
171 35 181.46349495146399
171 170 1248.0
171 172 377.0053050024628
172 171 377.0053050024628
172 173 1474.0003392129868
172 308 1516.1121330561273
173 37 109.23827168167757
173 172 1474.0003392129868
173 174 72.00694410957877
174 173 72.00694410957877
174 175 95.00526301210897
174 310 1273.391141794225
175 39 128.14054783713078
175 174 95.00526301210897
175 176 738.0
176 175 738.0
176 177 315.0
176 312 825.6924366857189
177 41 206.31286920597077
177 176 315.0
177 178 40.0
178 177 40.0
178 179 763.0
178 314 342.98688021555574
179 43 1597.2601541389556
179 178 763.0
179 180 610.0032786797133
180 179 610.0032786797133
180 181 119.00420160649792
180 316 1110.6723189131887
181 45 745.8699618566228
181 180 119.00420160649792
181 182 80.00624975587844
182 181 80.00624975587844
182 183 218.0
182 318 1440.0600681916014
183 47 1442.3331792619902
183 182 218.0
183 184 1520.0003289473327
184 183 1520.0003289473327
184 185 811.000616522577
184 320 148.51935900750448
185 49 317.50275589355124
185 184 811.000616522577
185 186 558.0
186 185 558.0
186 187 1902.0002628811596
186 322 400.2811511925087
187 51 1466.146309206554
187 186 1902.0002628811596
187 188 581.0
188 187 581.0
188 189 37.0
188 324 137.84411485442533
189 53 101.6366075781753
189 188 37.0
189 190 180.00277775634464
190 189 180.00277775634464
190 191 224.0
190 326 464.2628565801921
191 55 97.52948272189288
191 190 224.0
191 192 1435.0
192 191 1435.0
192 193 1778.000281214826
192 328 160.17802595861892
193 57 125.39936203984452
193 192 1778.000281214826
193 194 1209.0
194 193 1209.0
194 195 1004.0004980078446
194 330 658.4010935592377
195 59 811.4628765384157
195 194 1004.0004980078446
195 196 2008.0002490039685
196 195 2008.0002490039685
196 197 71.0
196 332 329.64526388225266
197 61 710.2478440657177
197 196 71.0
197 198 1344.0
198 197 1344.0
198 199 1461.0003422313082
198 334 221.10857061633772
199 63 94.64142856064674
199 198 1461.0003422313082
199 200 159.0
200 199 159.0
200 201 740.0006756753672
200 336 310.20315923600776
201 65 832.3250566935973
201 200 740.0006756753672
201 202 780.0
202 201 780.0
202 203 141.0
202 338 330.6191162047349
203 67 214.23818520515897
203 202 141.0
203 204 193.00259065618783
204 203 193.00259065618783
204 205 1344.0
204 340 778.6205751198719
205 69 432.1261389918458
205 204 1344.0
205 206 1535.001302931043
206 205 1535.001302931043
206 207 726.0006887049075
206 342 1368.947771100125
207 71 698.3552104767315
207 206 726.0006887049075
207 208 763.0006553077134
208 207 763.0006553077134
208 209 53.009433122794285
208 344 321.1744074486633
209 73 1005.4038989381332
209 208 53.009433122794285
209 210 955.0005235600659
210 209 955.0005235600659
210 211 1001.001998000004
210 346 868.8244932090715
211 75 2102.1931405082646
211 210 1001.001998000004
211 212 182.0
212 211 182.0
212 213 1755.0
212 348 1226.9983700070673
213 77 1138.8858590745606
213 212 1755.0
213 214 1707.0002929115155
214 213 1707.0002929115155
214 215 880.0
214 350 580.2378822517537
215 79 136.69308687713507
215 214 880.0
215 216 44.0
216 215 44.0
216 217 1116.0004480285838
216 352 72.80109889280519
217 81 234.38643305447522
217 216 1116.0004480285838
217 218 162.0
218 217 162.0
218 219 84.0
218 354 87.20091742636656
219 83 1790.3142182309787
219 218 84.0
219 220 1620.0
220 219 1620.0
220 221 45.0111097397076
220 356 594.1380311005179
221 85 1783.323302152473
221 220 45.0111097397076
221 222 1893.0023771775882
222 221 1893.0023771775882
222 223 127.0
222 358 1372.6361498955214
223 87 626.7886406118095
223 222 127.0
223 224 59.0
224 223 59.0
224 225 182.0
224 360 1818.2348583172636
225 89 252.22410669878485
225 224 182.0
225 226 167.0029939851379
226 225 167.0029939851379
226 227 1115.0
226 362 222.33533232484666
227 91 91.67878707749138
227 226 1115.0
227 228 1282.0003900155414
228 227 1282.0003900155414
228 229 29.0
228 364 91.28526715741155
229 93 1439.6919809459243
229 228 29.0
229 230 1199.000417014106
230 229 1199.000417014106
230 231 512.0
230 366 842.5888677166344
231 95 847.5806746263154
231 230 512.0
231 232 86.00581375697809
232 231 86.00581375697809
232 233 1583.0012634233744
232 368 1822.2321476694456
233 97 204.83163818121457
233 232 1583.0012634233744
233 234 535.000934578623
234 233 535.000934578623
234 235 703.0007112371935
234 370 280.86473612755304
235 99 1775.33377143567
235 234 703.0007112371935
235 236 21.02379604162864
236 235 21.02379604162864
236 237 1960.0
236 372 561.7730858629666
237 101 1986.040281565306
237 236 1960.0
237 238 1761.0002839295626
238 237 1761.0002839295626
238 239 169.0
238 374 163.47782724271815
239 103 130.13838787997952
239 238 169.0
239 240 407.0012284993744
240 239 407.0012284993744
240 241 196.0
240 376 252.50940576540907
241 105 1668.4292013747543
241 240 196.0
241 242 111.00450441310929
242 241 111.00450441310929
242 243 122.0
242 378 438.306970056375
243 107 172.69916039170545
243 242 122.0
243 244 1093.0018298246348
244 243 1093.0018298246348
244 245 1389.0003599711556
244 380 157.4960316960399
245 109 1587.6101536586366
245 244 1389.0003599711556
245 246 234.0
246 245 234.0
246 247 1222.0004091652343
246 382 729.0850430505346
247 111 790.2569202480925
247 246 1222.0004091652343
247 248 1404.0003561253109
248 247 1404.0003561253109
248 249 23.0
248 384 2058.026724802183
249 113 938.3261693036169
249 248 23.0
249 250 39.0
250 249 39.0
250 251 1153.0004336512627
250 386 120.65239326262865
251 115 369.3846233940985
251 250 1153.0004336512627
251 252 1012.0004940710256
252 251 1012.0004940710256
252 253 856.0
252 388 898.3546070455698
253 117 861.6089600276914
253 252 856.0
253 254 435.0
254 253 435.0
254 255 1915.000261096588
254 390 1286.6938252746843
255 119 1682.4089871371943
255 254 1915.000261096588
255 256 86.0
256 255 86.0
256 257 1346.0
256 392 434.0472324528749
257 121 286.1904959987316
257 256 1346.0
257 258 1030.0004854367787
258 257 1030.0004854367787
258 259 108.0
258 394 1449.5033632247978
259 123 1240.197564906495
259 258 108.0
259 260 1038.0004816954565
260 259 1038.0004816954565
260 261 664.0
260 396 425.0
261 125 236.01906702637396
261 260 664.0
261 262 509.00098231732323
262 261 509.00098231732323
262 263 718.0006963784924
262 398 1655.316283977174
263 127 1503.636259206328
263 262 718.0006963784924
263 264 873.0
264 263 873.0
264 265 697.0
264 400 1504.4484039009114
265 129 1099.527171105835
265 264 697.0
265 266 2594.0001927524986
266 265 2594.0001927524986
266 267 1210.0
266 402 1147.8418880664706
267 131 681.5753810107874
267 266 1210.0
267 268 542.00092250844
268 267 542.00092250844
268 269 655.0
268 404 197.03045449879062
269 133 722.1391832604016
269 268 655.0
269 270 805.0
270 269 805.0
270 271 1446.0003457814248
270 406 314.78405296329737
271 135 100.70253224224304
271 270 1446.0003457814248
272 273 805.0
272 408 618.5313249949431
273 137 690.1311469568665
273 272 805.0
273 274 501.0
274 273 501.0
274 275 2167.0009229347365
274 410 841.5919438777917
275 139 314.6966793596653
275 274 2167.0009229347365
275 276 31.016124838541646
276 275 31.016124838541646
276 277 233.0
276 412 309.6853241598639
277 141 170.1763790894612
277 276 233.0
277 278 69.00724599634447
278 277 69.00724599634447
278 279 62.0
278 414 282.349074728429
279 143 96.74709297958259
279 278 62.0
279 280 24.0
280 279 24.0
280 281 749.0
280 416 177.341478509682
281 145 590.0101694038841
281 280 749.0
281 282 1158.0038860038424
282 281 1158.0038860038424
282 283 539.0
282 418 1437.3812994470186
283 147 167.57386431063765
283 282 539.0
283 284 1052.0
284 283 1052.0
284 285 43.0
284 420 152.6106156202772
285 149 565.1283040159996
285 284 43.0
285 286 12.0
286 285 12.0
286 287 12.0
286 422 85.0411665018772
287 151 1141.8060255577564
287 286 12.0
287 288 717.002789394853
288 287 717.002789394853
288 289 961.0005202912223
288 424 320.2577087284551
289 153 300.13663555121025
289 288 961.0005202912223
289 290 240.00208332429116
290 289 240.00208332429116
290 291 333.0
290 426 1603.1609401429414
291 155 154.3502510525979
291 290 333.0
291 292 322.0
292 291 322.0
292 293 561.0
292 428 139.97856978837868
293 157 1099.840897584737
293 292 561.0
293 294 971.0005149329222
294 293 971.0005149329222
294 295 165.00303027520434
294 430 427.8142120126446
295 159 1183.774471763942
295 294 165.00303027520434
295 296 951.0
296 295 951.0
296 297 1236.0004045306782
296 432 370.3970842217849
297 161 960.3379613448591
297 296 1236.0004045306782
297 298 252.0
298 297 252.0
298 299 51.0098029794274
298 434 1641.209614887751
299 163 916.4982269486395
299 298 51.0098029794274
299 300 628.0
300 299 628.0
300 301 512.0
300 436 841.361991059734
301 165 1338.2750091068726
301 300 512.0
301 302 1169.0004277159182
302 301 1169.0004277159182
302 303 457.00109409059405
302 438 1131.754832108085
303 167 752.0558489899537
303 302 457.00109409059405
303 304 209.00239233080563
304 303 209.00239233080563
304 305 1033.0004840269921
304 440 434.4467746456406
305 169 1158.6962501018115
305 304 1033.0004840269921
305 306 1445.0013840823822
306 305 1445.0013840823822
306 307 181.0
306 442 2069.841056699765
307 171 1760.8639924764207
307 306 181.0
307 308 132.00378782444085
308 307 132.00378782444085
308 309 698.0
308 444 477.7823772388429
309 173 662.7254333432511
309 308 698.0
309 310 541.0
310 309 541.0
310 311 338.0
310 446 388.6592337768395
311 175 1705.7388428478728
311 310 338.0
311 312 1788.0002796420363
312 311 1788.0002796420363
312 313 1135.0
312 448 1597.1274213412028
313 177 78.02563681252464
313 312 1135.0
313 314 376.0
314 313 376.0
314 315 1683.0002970885062
314 450 1751.133632821893
315 179 2113.4769930141183
315 314 1683.0002970885062
315 316 394.0
316 315 394.0
316 317 1183.0004226541932
316 452 535.7172761821295
317 181 88.68483523128404
317 316 1183.0004226541932
317 318 1314.0003805174488
318 317 1314.0003805174488
318 319 92.0
318 454 221.16283593768642
319 183 1565.8943131642059
319 318 92.0
319 320 83.00602387778854
320 319 83.00602387778854
320 321 93.0
320 456 338.7226003679117
321 185 848.4108674457206
321 320 93.0
321 322 1010.0
322 321 1010.0
322 323 723.0
322 458 1014.0853021319261
323 187 2233.2597251551374
323 322 723.0
323 324 1536.000325520799
324 323 1536.000325520799
324 325 1406.0
324 460 335.3595085874262
325 189 1485.944817279565
325 324 1406.0
325 326 2122.000235626754
326 325 2122.000235626754
326 327 31.0
326 462 1896.0804307834624
327 191 655.421238593929
327 326 31.0
327 328 1945.0
328 327 1945.0
328 329 1362.0003671071458
328 464 148.93287078412206
329 193 285.30860484745284
329 328 1362.0003671071458
329 330 280.0
330 329 280.0
330 331 249.0020080240318
330 466 893.4411004649384
331 195 1908.5138197036981
331 330 249.0020080240318
331 332 220.0
332 331 220.0
332 333 470.0
332 468 1265.7219283871161
333 197 723.8957107208192
333 332 470.0
333 334 832.0
334 333 832.0
334 335 1863.000268384307
334 470 1744.3259443120141
335 199 207.99278833651903
335 334 1863.000268384307
335 336 52.0
336 335 52.0
336 337 343.0
336 472 1328.6903326208105
337 201 785.4934754662193
337 336 343.0
337 338 324.0015432062014
338 337 324.0015432062014
338 339 21.0
338 474 612.0163396511567
339 203 448.31796751859054
339 338 21.0
339 340 1024.0004882811336
340 339 1024.0004882811336
340 341 247.0
340 476 820.9049884121791
341 205 330.6191162047349
341 340 247.0
341 342 154.0
342 341 154.0
342 343 78.0
342 478 1724.4213522222462
343 207 722.59601438148
343 342 78.0
343 344 1795.0002785515105
344 343 1795.0002785515105
344 345 944.0
344 480 1865.2766550836366
345 209 582.3443998185267
345 344 944.0
345 346 1243.0
346 345 1243.0
346 347 443.00112866673373
346 482 1955.253436258328
347 211 1425.6707193458103
347 346 443.00112866673373
347 348 17.029386365926403
348 347 17.029386365926403
348 349 11.0
348 484 595.8926077742532
349 213 523.6993412254783
349 348 11.0
349 350 1764.0002834466893
350 349 1764.0002834466893
350 351 1365.0
350 486 158.3445610054226
351 215 114.80853626799707
351 350 1365.0
351 352 115.0
352 351 115.0
352 353 1237.0004042036526
352 488 1370.7377575597748
353 217 157.41982086128797
353 352 1237.0004042036526
353 354 251.0
354 353 251.0
354 355 1144.0
354 490 86.40023148117139
355 219 1010.4276322429034
355 354 1144.0
355 356 22.0
356 355 22.0
356 357 465.001075267574
356 492 1355.808246028914
357 221 1012.4228365658294
357 356 465.001075267574
357 358 488.0
358 357 488.0
358 359 570.0
358 494 426.6169241837459
359 223 1815.2368991401645
359 358 570.0
359 360 62.0
360 359 62.0
360 361 1768.0002828054073
360 496 2314.0589880121897
361 225 149.37536610833797
361 360 1768.0002828054073
361 362 178.0
362 361 178.0
362 363 903.0
362 498 397.0415595375376
363 227 67.0
363 362 903.0
363 364 1344.000372023758
364 363 1344.000372023758
364 365 313.0
364 500 154.2886904474855
365 229 231.89006015782564
365 364 313.0
365 366 137.0
366 365 137.0
366 367 267.00187265260894
366 502 819.9932926554949
367 231 1620.3857565407072
367 366 267.00187265260894
367 368 116.00431026474836
368 367 116.00431026474836
368 369 12.041594578792296
368 504 154.2886904474855
369 233 235.44001359157284
369 368 12.041594578792296
369 370 488.00102458908833
370 369 488.00102458908833
370 371 691.0
370 506 873.6503877410003
371 235 1122.882896832969
371 370 691.0
371 372 1700.0002941176217
372 371 1700.0002941176217
372 373 1200.0
372 508 2152.043215179472
373 237 1319.601833887783
373 372 1200.0
373 374 593.000843169721
374 373 593.000843169721
374 375 1916.0
374 510 67.36467917239716
375 239 1598.3222453560484
375 374 1916.0
375 376 2248.000222419918
376 375 2248.000222419918
376 377 1616.0012376232885
376 512 244.64055264816582
377 241 1177.9070421726835
377 376 1616.0012376232885
377 378 1720.0011627903045
378 377 1720.0011627903045
378 379 88.0
378 514 317.7200025179403
379 243 471.9247821422393
379 378 88.0
379 380 1417.0
380 379 1417.0
380 381 969.00206398129
380 516 1332.5862073426995
381 245 284.98771903364536
381 380 969.00206398129
381 382 683.0
382 381 683.0
382 383 709.0
382 518 494.03339968062886
383 247 222.9910312097776
383 382 709.0
383 384 440.0
384 383 440.0
384 385 2037.0002454589935
384 520 1238.6545119604577
385 249 66.06814663663572
385 384 2037.0002454589935
385 386 143.0
386 385 143.0
386 387 234.00213674238105
386 522 1463.400150334829
387 251 820.6582723643259
387 386 234.00213674238105
387 388 702.0
388 387 702.0
388 389 602.0
388 524 868.3616758010455
389 253 645.2821088485252
389 388 602.0
389 390 1492.0003351206058
390 389 1492.0003351206058
390 391 1903.0
390 526 1037.974951528215
391 255 2533.8338540638374
391 390 1903.0
391 392 2018.000247770054
392 391 2018.000247770054
392 393 545.0009174304205
392 528 622.4034061603455
393 257 1463.5344205040071
393 392 545.0009174304205
393 394 1880.0
394 393 1880.0
394 395 1.0
394 530 1355.5117114949617
395 259 1342.62317870652
395 394 1.0
395 396 117.0
396 395 117.0
396 397 1122.0004456327101
396 532 68.30812543175226
397 261 1367.5935068579406
397 396 1122.0004456327101
397 398 797.0006273523252
398 397 797.0006273523252
398 399 107.0
398 534 2539.8318842002122
399 263 831.5443463820797
399 398 107.0
399 400 199.00251254695254
400 399 199.00251254695254
400 401 201.0
400 536 365.0164379860173
401 265 2000.0892480086982
401 400 201.0
401 402 551.0
402 401 551.0
402 403 802.0006234411542
402 538 1165.9266700783544
403 267 868.5113701040419
403 402 802.0006234411542
403 404 138.0
404 403 138.0
404 405 1025.0
404 540 457.38823771496357
405 269 195.143536915779
405 404 1025.0
405 406 313.0
406 405 313.0
406 407 59.0
406 542 1191.1779883795705
407 271 1198.7097229938531
407 406 59.0
408 409 93.0
408 544 1953.2908129615519
409 273 1328.640282393997
409 408 93.0
409 410 989.0
410 409 989.0
410 411 555.0
410 546 1018.5479861057112
411 275 1884.0873122018522
411 410 555.0
411 412 2217.000225529984
412 411 2217.000225529984
412 413 1807.0
412 548 629.1335311362764
413 277 1272.610309560629
413 412 1807.0
413 414 1065.0004694834645
414 413 1065.0004694834645
414 415 471.0
414 550 147.73286702694156
415 279 686.9876272539411
415 414 471.0
415 416 825.0006060603835
416 415 825.0006060603835
416 417 1784.0
416 552 1006.5073273454099
417 281 872.4247818580121
417 416 1784.0
417 418 592.0008445939922
418 417 592.0008445939922
418 419 191.0
418 554 342.4412358347049
419 283 1089.8224626057217
419 418 191.0
419 420 103.0
420 419 103.0
420 421 1510.0003311257915
420 556 1978.3472900378235
421 285 1415.4476323764154
421 420 1510.0003311257915
421 422 1370.0
422 421 1370.0
422 423 1202.0004159733057
422 558 1347.9781155493586
423 287 1271.6622979391973
423 422 1202.0004159733057
423 424 239.0
424 423 239.0
424 425 723.0
424 560 306.5746238683169
425 289 1371.402202127443
425 424 723.0
425 426 472.0
426 425 472.0
426 427 1267.0003946329298
426 562 226.43321311150447
427 291 62.03224967708329
427 426 1267.0003946329298
427 428 195.00256408570633
428 427 195.00256408570633
428 429 1196.0
428 564 943.8273147138729
429 293 513.8764442937621
429 428 1196.0
429 430 1904.0010504198783
430 429 1904.0010504198783
430 431 229.0
430 566 1028.523213155639
431 295 364.4859393721519
431 430 229.0
431 432 945.0
432 431 945.0
432 433 82.00609733428362
432 568 260.161488310626
433 297 791.5112128075003
433 432 82.00609733428362
433 434 1103.0
434 433 1103.0
434 435 2490.0002008032047
434 570 392.4754769409167
435 299 801.4798812197347
435 434 2490.0002008032047
435 436 588.0
436 435 588.0
436 437 96.0
436 572 758.3310622676615
437 301 1256.5802799662265
437 436 96.0
437 438 1216.000411184141
438 437 1216.000411184141
438 439 258.0
438 574 1336.886681809644
439 303 933.0621629880831
439 438 258.0
439 440 710.0007042250029
440 439 710.0007042250029
440 441 496.0
440 576 778.1548689046416
441 305 123.1665539016173
441 440 496.0
441 442 731.0
442 441 731.0
442 443 1937.0002581311135
442 578 1671.551375220038
443 307 77.46612162745726
443 442 1937.0002581311135
443 444 557.0008976653448
444 443 557.0008976653448
444 445 1076.0
444 580 842.9952550281645
445 309 113.20777358467925
445 444 1076.0
445 446 253.0
446 445 253.0
446 447 420.0
446 582 1001.591233987199
447 311 307.9025819963191
447 446 420.0
447 448 110.00454536063498
448 447 110.00454536063498
448 449 1807.0002767016945
448 584 474.34375720567886
449 313 1347.3815346812498
449 448 1807.0002767016945
449 450 28.071337695236398
450 449 28.071337695236398
450 451 1451.0
450 586 156.08010763707205
451 315 1385.3880322855398
451 450 1451.0
451 452 1522.0003285150763
452 451 1522.0003285150763
452 453 160.00312496948303
452 588 766.113568604551
453 317 1556.2756825190068
453 452 160.00312496948303
453 454 453.0011037514147
454 453 453.0011037514147
454 455 96.0
454 590 214.0864311440592
455 319 225.0
455 454 96.0
455 456 34.0
456 455 34.0
456 457 141.00354605470034
456 592 596.8860862844768
457 321 117.34564329364768
457 456 141.00354605470034
457 458 101.01980003939822
458 457 101.01980003939822
458 459 1829.0
458 594 1279.7030905643699
459 323 114.28473213863697
459 458 1829.0
459 460 1301.0003843196973
460 459 1301.0003843196973
460 461 821.0
460 596 202.08166665979377
461 325 264.1230773711377
461 460 821.0
461 462 29.0
462 461 29.0
462 463 1660.0003012047919
462 598 2105.066507262894
463 327 214.1051143714227
463 462 1660.0003012047919
463 464 1607.0
464 463 1607.0
464 465 952.0021008380181
464 600 271.64867016055865
465 329 283.78160616925123
465 464 952.0021008380181
465 466 895.0
466 465 895.0
466 467 217.00230413523263
466 602 1723.3029333230998
467 331 925.3566879857734
467 466 217.00230413523263
467 468 561.0
468 467 561.0
468 469 2102.000237868683
468 604 185.52088831180168
469 333 1309.714854462604
469 468 2102.000237868683
469 470 397.0012594438461
470 469 397.0012594438461
470 471 887.0
470 606 1266.7205690285446
471 335 1009.2264364353522
471 470 887.0
471 472 372.0
472 471 372.0
472 473 790.0
472 608 699.217419691472
473 337 1775.2647689851788
473 472 790.0
473 474 2706.0029563915855
474 473 2706.0029563915855
474 475 794.0
474 610 794.58165093337
475 339 179.2344832893492
475 474 794.0
475 476 41.0
476 475 41.0
476 477 1157.0
476 612 592.5757335564797
477 341 115.0
477 476 1157.0
477 478 1661.0003010234525
478 477 1661.0003010234525
478 479 32.0
478 614 1870.2005240080541
479 343 1770.3844215310978
479 478 32.0
479 480 1838.0
480 479 1838.0
480 481 1803.0002773155638
480 616 2005.1533607183267
481 345 885.7702862480769
481 480 1803.0002773155638
481 482 172.0
482 481 172.0
482 483 1765.0
482 618 213.13845265460665
483 347 263.20524310887123
483 482 1765.0
483 484 321.0
484 483 321.0
484 485 117.0
484 620 1379.7264221576681
485 349 701.3044987735356
485 484 117.0
485 486 2605.0001919385727
486 485 2605.0001919385727
486 487 1791.0
486 622 101.17806086301516
487 351 291.0549776245031
487 486 1791.0
487 488 1537.0003253090092
488 487 1537.0003253090092
488 489 740.0
488 624 265.13581425375185
489 353 611.7908139225368
489 488 740.0
489 490 305.00163933985664
490 489 305.00163933985664
490 491 719.0006954099558
490 626 971.4535500990256
491 355 1812.3523388127376
491 490 719.0006954099558
491 492 479.0
492 491 479.0
492 493 356.0
492 628 1583.5479152839046
493 357 537.4476718714111
493 492 356.0
493 494 600.0
494 493 600.0
494 495 1490.000335570432
494 630 1275.976880668298
495 359 2481.987308589631
495 494 1490.000335570432
495 496 230.0
496 495 230.0
496 497 281.0
496 632 844.9881655976018
497 361 272.8681000043794
497 496 281.0
497 498 51.0
498 497 51.0
498 499 1180.0
498 634 1664.5149443606688
499 363 133.25539388707685
499 498 1180.0
499 500 1092.000457875362
500 499 1092.000457875362
500 501 921.0
500 636 450.9478905594304
501 365 749.1842230052632
501 500 921.0
501 502 1426.000350631093
502 501 1426.000350631093
502 503 404.0
502 638 123.00406497347964
503 367 161.48374531202822
503 502 404.0
503 504 108.00462953040486
504 503 108.00462953040486
504 505 899.0
504 640 231.79516819813134
505 369 752.0804478245661
505 504 899.0
505 506 1132.0004416960269
506 505 1132.0004416960269
506 507 1728.0
506 642 1670.5523038803665
507 371 179.38784797192923
507 506 1728.0
507 508 285.0
508 507 285.0
508 509 1951.0002562788145
508 644 1908.4352228985924
509 373 1002.3093334894173
509 508 1951.0002562788145
509 510 414.0
510 509 414.0
510 511 1290.000387596841
510 646 682.9128787773737
511 375 622.7238553323616
511 510 1290.000387596841
511 512 1394.0003586800112
512 511 1394.0003586800112
512 513 1513.0
512 648 1322.9066482560286
513 377 147.58048651498612
513 512 1513.0
513 514 2163.000231160413
514 513 2163.000231160413
514 515 134.0
514 650 2252.088142147194
515 379 272.8552729928451
515 514 134.0
515 516 351.0
516 515 351.0
516 517 523.0
516 652 528.7882373880872
517 381 172.88724649319857
517 516 523.0
517 518 32.0
518 517 32.0
518 519 143.0
518 654 1605.5706150773935
519 383 1057.8775921627227
519 518 143.0
519 520 259.0019304947359
520 519 259.0019304947359
520 521 672.0007440472071
520 656 99.03534722511958
521 385 143.10835055998655
521 520 672.0007440472071
521 522 1477.0
522 521 1477.0
522 523 1499.0003335556667
522 658 72.56721022610694
523 387 278.4546641735419
523 522 1499.0003335556667
523 524 1839.0
524 523 1839.0
524 525 1266.0003949446461
524 660 1830.3775566805882
525 389 1004.1060700941908
525 524 1266.0003949446461
525 526 546.0
526 525 546.0
526 527 1183.0004226541932
526 662 151.18200951171406
527 391 2051.0302289337424
527 526 1183.0004226541932
527 528 587.0008517881383
528 527 587.0008517881383
528 529 518.0
528 664 146.2942240828393
529 393 448.5888986588946
529 528 518.0
529 530 82.0
530 529 82.0
530 531 606.0
530 666 403.93687625667457
531 395 751.7293395897223
531 530 606.0
531 532 887.0005636976788
532 531 887.0005636976788
532 533 1097.0004557884195
532 668 580.0
533 397 79.63039620647382
533 532 1097.0004557884195
533 534 1696.0002948112951
534 533 1696.0002948112951
534 535 1021.0004897158473
534 670 66.75327707311455
535 399 1412.5427427161276
535 534 1021.0004897158473
535 536 853.0005861662698
536 535 853.0005861662698
536 537 152.00328943809077
536 672 142.70599146496969
537 401 67.26812023536856
537 536 152.00328943809077
537 538 1709.0
538 537 1709.0
538 539 642.0070093075309
538 674 1877.2684943821969
539 403 1325.7967415859794
539 538 642.0070093075309
539 540 734.000681198594
540 539 734.000681198594
540 541 1005.0
540 676 366.80512537313325
541 405 437.6345507383986
541 540 1005.0
541 542 1308.001529051094
542 541 1308.001529051094
542 543 456.0
542 678 281.6043323530375
543 407 795.2659932374828
543 542 456.0
544 545 2023.0002471576715
544 680 2745.7933279837357
545 409 179.10890541790488
545 544 2023.0002471576715
545 546 137.0
546 545 137.0
546 547 28.0
546 682 1342.5743927246638
547 411 1544.6789310403635
547 546 28.0
547 548 49.01020301937138
548 547 49.01020301937138
548 549 6.082762530298219
548 684 490.32744161427473
549 413 1190.2407319529946
549 548 6.082762530298219
549 550 252.0
550 549 252.0
550 551 397.0
550 686 1276.6557875950746
551 415 90.60353193998566
551 550 397.0
551 552 124.0
552 551 124.0
552 553 91.00549433962765
552 688 963.3327566318919
553 417 873.9708233116252
553 552 91.00549433962765
553 554 614.0
554 553 614.0
554 555 102.0
554 690 1746.2857727187725
555 419 256.04101233982027
555 554 102.0
555 556 2120.0009433960167
556 555 2120.0009433960167
556 557 897.0
556 692 2226.0085354733033
557 421 435.98623831492665
557 556 897.0
557 558 406.0012315252258
558 557 406.0012315252258
558 559 10.0
558 694 2165.036951185822
559 423 152.11837495845134
559 558 10.0
559 560 75.0
560 559 75.0
560 561 1077.0
560 696 289.34754189382704
561 425 91.21403400793103
561 560 1077.0
561 562 202.00990074746338
562 561 202.00990074746338
562 563 1908.0002620544894
562 698 1206.9171471149127
563 427 858.1963644761029
563 562 1908.0002620544894
563 564 1991.0
564 563 1991.0
564 565 2072.000241312727
564 700 994.2600263512559
565 429 2328.176324937611
565 564 2072.000241312727
565 566 1449.0
566 565 1449.0
566 567 228.0
566 702 931.4853729393715
567 431 1027.5256687791307
567 566 228.0
567 568 170.0
568 567 170.0
568 569 90.0
568 704 406.7247226319049
569 433 427.93106921559223
569 568 90.0
569 570 295.0
570 569 295.0
570 571 182.0
570 706 726.3807541503285
571 435 2287.071489918931
571 570 182.0
571 572 2453.000203832034
572 571 2453.000203832034
572 573 1110.0
572 708 519.7355096585185
573 437 268.55539465815986
573 572 1110.0
573 574 378.00132274900835
574 573 378.00132274900835
574 575 82.0
574 710 215.67568244936655
575 439 1512.6671808431622
575 574 82.0
575 576 26.0
576 575 26.0
576 577 236.00847442411893
576 712 611.1382822242442
577 441 1508.7189930533784
577 576 236.00847442411893
577 578 568.0
578 577 568.0
578 579 38.01315561749642
578 714 902.6411247001768
579 443 240.05207768315609
579 578 38.01315561749642
579 580 54.0
580 579 54.0
580 581 1083.0
580 716 1127.0532374293593
581 445 849.9705877264224
581 580 1083.0
581 582 1593.0003138731643
582 581 1593.0003138731643
582 583 834.0
582 718 165.60495161679194
583 447 589.4141158811859
583 582 834.0
583 584 226.0
584 583 226.0
584 585 208.0
584 720 261.9790067925291
585 449 1547.5839234109405
585 584 208.0
585 586 1434.0003486749924
586 585 1434.0003486749924
586 587 1874.0
586 722 1352.71024243923
587 451 567.2124822321879
587 586 1874.0
587 588 1322.000378214772
588 587 1322.000378214772
588 589 541.0
588 724 130.6981254647518
589 453 1146.0191970468907
589 588 541.0
589 590 894.0005592839414
590 589 894.0005592839414
590 591 266.0
590 726 341.0527818388233
591 455 75.58438992278762
591 590 266.0
591 592 660.0
592 591 660.0
592 593 779.0006418482593
592 728 704.4863376957711
593 457 81.54140052758476
593 592 779.0006418482593
593 594 1222.0
594 593 1222.0
594 595 1327.0003767896978
594 730 267.5911059807482
595 459 1879.1947743648075
595 594 1327.0003767896978
595 596 386.0
596 595 386.0
596 597 1419.0
596 732 769.2834328126403
597 461 412.3166259078089
597 596 1419.0
597 598 2482.000201450435
598 597 2482.000201450435
598 599 1689.0011841322078
598 734 821.075514188555
599 463 1246.85564521319
599 598 1689.0011841322078
599 600 99.0
600 599 99.0
600 601 132.0
600 736 326.377082528783
601 465 823.6485901159547
601 600 132.0
601 602 1648.0003033980304
602 601 1648.0003033980304
602 603 753.0
602 738 386.213671430725
603 467 754.8907205682158
603 602 753.0
603 604 1140.0004385964069
604 603 1140.0004385964069
604 605 1446.0003457814248
604 740 499.7859541843888
605 469 487.6248558061822
605 604 1446.0003457814248
605 606 1179.0
606 605 1179.0
606 607 331.0
606 742 155.64061166674975
607 471 712.0653059937691
607 606 331.0
607 608 1033.0004840269921
608 607 1033.0004840269921
608 609 502.00099601494816
608 744 340.8518739863403
609 473 1989.1626378956548
609 608 502.00099601494816
609 610 74.0
610 609 74.0
610 611 177.00282483621552
610 746 1238.8131416803747
611 475 190.43634106966033
611 610 177.00282483621552
611 612 809.0
612 611 809.0
612 613 1287.0003885003298
612 748 798.8147469845559
613 477 1856.1737526427853
613 612 1287.0003885003298
613 614 2063.0009694617206
614 613 2063.0009694617206
614 615 2158.000231696002
614 750 2317.9115600039618
615 479 328.12345237730267
615 614 2158.000231696002
615 616 155.0
616 615 155.0
616 617 1984.0
616 752 250.57733337235433
617 481 1784.2583893595681
617 616 1984.0
617 618 1813.000275785969
618 617 1813.000275785969
618 619 1901.0
618 754 174.18381095842403
619 483 94.76286192385707
619 618 1901.0
619 620 991.0005045407394
620 619 991.0005045407394
620 621 233.0
620 756 909.255189701989
621 485 1263.884883998539
621 620 233.0
621 622 1269.0003940109711
622 621 1269.0003940109711
622 623 2235.0
622 758 1992.9959859467856
623 487 522.5753534180501
623 622 2235.0
623 624 1799.000277932163
624 623 1799.000277932163
624 625 1773.0
624 760 1596.2834961246701
625 489 1290.8454593792396
625 624 1773.0
625 626 2563.0001950838787
626 625 2563.0001950838787
626 627 2657.0
626 762 537.9414466277905
627 491 2407.960340204963
627 626 2657.0
627 628 346.0057802985378
628 627 346.0057802985378
628 629 2150.0002325581268
628 764 1586.2915873193049
629 493 926.7237991980135
629 628 2150.0002325581268
629 630 250.0
630 629 250.0
630 631 1758.0
630 766 2091.948852147203
631 495 1975.240744820742
631 630 1758.0
631 632 902.0005543235548
632 631 902.0005543235548
632 633 63.0
632 768 98.71676655968832
633 497 628.0262733357579
633 632 63.0
633 634 1090.0
634 633 1090.0
634 635 2385.0008385742763
634 770 69.07966415668217
635 499 1903.4003782704258
635 634 2385.0008385742763
