198
0 1 1138.6985553692425
0 14 1692.3453666435819
1 0 1138.6985553692425
1 2 76.19999999999993
2 1 76.19999999999993
2 3 76.20000000000005
2 16 685.8000000000001
3 2 76.20000000000005
3 4 50.80000000000007
4 3 50.80000000000007
4 5 76.20000000000005
4 18 814.385952727575
5 4 76.20000000000005
5 6 76.19999999999993
6 5 76.19999999999993
6 7 449.37187272903486
6 20 1042.6382881901084
7 6 449.37187272903486
7 8 50.80000000000007
8 7 50.80000000000007
8 9 25.399999999999977
8 22 590.7889301603407
9 8 25.399999999999977
9 10 25.399999999999977
10 9 25.399999999999977
10 11 25.399999999999977
10 24 642.5748205462146
11 10 25.399999999999977
11 12 25.399999999999977
12 11 25.399999999999977
12 13 361.0018282502182
12 26 538.216350550594
13 12 361.0018282502182
14 15 101.60000000000002
14 28 170.38837988548408
15 1 736.5999999999999
15 14 101.60000000000002
15 16 25.40000000000009
16 15 25.40000000000009
16 17 152.39999999999986
16 30 250.16098816562106
17 3 761.9999999999999
17 16 152.39999999999986
17 18 50.80000000000018
18 17 50.80000000000018
18 19 76.19999999999982
18 32 230.0067825086904
19 5 966.5359175943747
19 18 76.19999999999982
19 20 101.60000000000002
20 19 101.60000000000002
20 21 76.19999999999982
20 34 152.4000000000001
21 7 683.9159305060821
21 20 76.19999999999982
21 22 50.80000000000018
22 21 50.80000000000018
22 23 104.72688289068874
22 36 154.50216826957484
23 9 651.0530853931958
23 22 104.72688289068874
23 24 35.92102448427642
24 23 35.92102448427642
24 25 35.92102448427658
24 38 136.7831861012164
25 11 586.404536135252
25 24 35.92102448427658
25 26 25.40000000000009
26 25 25.40000000000009
26 27 50.799999999999955
26 40 384.3717471407075
27 13 184.91479118772511
27 26 50.799999999999955
28 29 35.92102448427642
28 42 198.38034176802907
29 15 270.00570364346004
29 28 35.92102448427642
29 30 56.79612662849466
30 29 56.79612662849466
30 31 25.40000000000009
30 44 76.20000000000005
31 17 230.0067825086904
31 30 25.40000000000009
31 32 50.799999999999955
32 31 50.799999999999955
32 33 25.40000000000009
32 46 91.58100239678534
33 19 240.96555770483047
33 32 25.40000000000009
33 34 80.3218525682767
34 33 80.3218525682767
34 35 127.0
34 48 107.76307345282974
35 21 160.64370513655382
35 34 127.0
35 36 25.399999999999864
36 35 25.399999999999864
36 37 50.799999999999955
36 50 148.10617812907054
37 23 218.49906178288268
37 36 50.799999999999955
37 38 154.5021682695746
38 37 154.5021682695746
38 39 410.34955830364913
38 52 91.58100239678534
39 25 409.5626936135664
39 38 410.34955830364913
39 40 101.59999999999991
40 39 101.59999999999991
40 41 127.00000000000014
40 54 204.78134680678306
41 27 261.50900558106974
41 40 127.00000000000014
42 43 50.799999999999955
42 56 56.796126628494555
43 29 162.63935563079443
43 42 50.799999999999955
43 44 76.20000000000005
44 43 76.20000000000005
44 45 76.20000000000005
44 58 113.59225325698921
45 31 91.58100239678534
45 44 76.20000000000005
45 46 50.799999999999955
46 45 50.799999999999955
46 47 101.60000000000014
46 60 136.7831861012164
47 33 148.10617812907066
47 46 101.60000000000014
47 48 35.92102448427642
48 47 35.92102448427642
48 49 50.799999999999955
48 62 35.92102448427674
49 35 170.38837988548397
49 48 50.799999999999955
49 50 50.799999999999955
50 49 50.799999999999955
50 51 50.799999999999955
50 64 71.84204896855333
51 37 148.10617812907054
51 50 50.799999999999955
51 52 50.80000000000018
52 51 50.80000000000018
52 53 50.799999999999955
52 66 136.78318610121647
53 39 325.2787112615886
53 52 50.799999999999955
53 54 76.20000000000005
54 53 76.20000000000005
54 55 25.399999999999864
54 68 113.59225325698932
55 41 56.796126628494555
55 54 25.399999999999864
56 57 25.40000000000009
56 70 76.20000000000005
57 43 113.59225325698921
57 56 25.40000000000009
57 58 76.20000000000005
58 57 76.20000000000005
58 59 25.399999999999864
58 72 56.796126628494555
59 45 160.64370513655373
59 58 25.399999999999864
59 60 76.20000000000005
60 59 76.20000000000005
60 61 50.799999999999955
60 74 71.84204896855316
61 47 184.91479118772534
61 60 50.799999999999955
61 62 228.60000000000014
62 61 228.60000000000014
62 63 80.32185256827691
62 76 113.59225325698942
63 49 50.80000000000018
63 62 80.32185256827691
63 64 101.59999999999991
64 63 101.59999999999991
64 65 101.60000000000014
64 78 184.91479118772511
65 51 113.59225325698952
65 64 101.60000000000014
65 66 76.20000000000005
66 65 76.20000000000005
66 67 25.399999999999864
66 80 209.45376578137717
67 53 113.59225325698932
67 66 25.399999999999864
67 68 76.20000000000005
68 67 76.20000000000005
68 69 121.36630504386301
68 82 184.91479118772511
69 55 77.54031209635411
69 68 121.36630504386301
70 71 76.20000000000005
70 84 35.92102448427674
71 57 91.58100239678534
71 70 76.20000000000005
71 72 25.399999999999864
72 71 25.399999999999864
72 73 76.20000000000005
72 86 50.799999999999955
73 59 91.58100239678534
73 72 76.20000000000005
73 74 50.799999999999955
74 73 50.799999999999955
74 75 101.60000000000014
74 88 50.799999999999955
75 61 113.59225325698942
75 74 101.60000000000014
75 76 25.399999999999864
76 75 25.399999999999864
76 77 25.40000000000009
76 90 91.58100239678534
77 63 25.399999999999864
77 76 25.40000000000009
77 78 80.32185256827691
78 77 80.32185256827691
78 79 25.40000000000009
78 92 91.58100239678534
79 65 259.03019129051347
79 78 25.40000000000009
79 80 127.0
80 79 127.0
80 81 101.59999999999991
80 94 56.79612662849466
81 67 136.7831861012164
81 80 101.59999999999991
81 82 25.40000000000009
82 81 25.40000000000009
82 83 76.20000000000005
82 96 56.79612662849466
83 69 42.61947911460223
83 82 76.20000000000005
84 85 35.92102448427658
84 98 91.58100239678515
85 71 91.58100239678534
85 84 35.92102448427658
85 86 101.59999999999991
86 85 101.59999999999991
86 87 76.20000000000005
86 100 259.03019129051347
87 73 50.799999999999955
87 86 76.20000000000005
87 88 50.799999999999955
88 87 50.799999999999955
88 89 25.40000000000009
88 102 217.01769513106535
89 75 91.58100239678534
89 88 25.40000000000009
89 90 177.79999999999995
90 89 177.79999999999995
90 91 25.40000000000009
90 104 107.7630734528299
91 77 91.58100239678534
91 90 25.40000000000009
91 92 80.32185256827691
92 91 80.32185256827691
92 93 25.40000000000009
92 106 234.17642921523924
93 79 91.58100239678534
93 92 25.40000000000009
93 94 25.399999999999864
94 93 25.399999999999864
94 95 50.799999999999955
94 108 363.6726550072193
95 81 91.58100239678534
95 94 50.799999999999955
95 96 76.20000000000005
96 95 76.20000000000005
96 97 25.40000000000009
96 110 438.47198314145453
97 83 91.58100239678534
97 96 25.40000000000009
98 99 76.19999999999982
98 112 463.5065048087244
99 85 35.92102448427674
99 98 76.19999999999982
99 100 331.17548218429437
100 99 331.17548218429437
100 101 25.40000000000009
100 114 234.17642921523938
101 87 209.45376578137726
101 100 25.40000000000009
101 102 56.796126628494555
102 101 56.796126628494555
102 103 25.40000000000009
102 116 198.38034176802907
103 89 217.01769513106535
103 102 25.40000000000009
103 104 50.799999999999955
104 103 50.799999999999955
104 105 76.20000000000005
104 118 198.38034176802907
105 91 148.10617812907066
105 104 76.20000000000005
105 106 25.399999999999864
106 105 25.399999999999864
106 107 101.60000000000014
106 120 169.43913361440454
107 93 359.21024484276626
107 106 101.60000000000014
107 108 35.92102448427674
108 107 35.92102448427674
108 109 25.399999999999864
108 122 181.83632750360962
109 95 388.5452869357702
109 108 25.399999999999864
109 110 25.40000000000009
110 109 25.40000000000009
110 111 50.799999999999955
110 124 270.0057036434599
111 97 413.48204314093266
111 110 50.799999999999955
112 113 25.399999999999864
112 126 420.44481207407017
113 99 513.6832097703798
113 112 25.399999999999864
113 114 101.59999999999991
114 113 101.59999999999991
114 115 25.399999999999864
114 128 425.7815872017014
115 101 234.17642921523924
115 114 25.399999999999864
115 116 25.40000000000009
116 115 25.40000000000009
116 117 50.799999999999955
116 130 306.909367729302
117 103 218.49906178288268
117 116 50.799999999999955
117 118 25.40000000000009
118 117 25.40000000000009
118 119 25.399999999999864
118 132 274.74300719035597
119 105 162.6393556307943
119 118 25.399999999999864
119 120 120.48277885241525
120 119 120.48277885241525
120 121 50.799999999999955
120 134 346.8751072071906
121 107 252.08780216424603
121 120 50.799999999999955
121 122 132.59189266316397
122 121 132.59189266316397
122 123 114.29999999999995
122 136 369.9023249453833
123 109 204.78134680678306
123 122 114.29999999999995
123 124 76.19999999999982
124 123 76.19999999999982
124 125 38.100000000000364
124 138 222.15926719360573
125 111 341.9579652530411
125 124 38.100000000000364
126 127 59.69999999999982
126 140 136.78318610121647
127 113 498.86075211425475
127 126 59.69999999999982
127 128 78.38832821281478
128 127 78.38832821281478
128 129 50.80000000000018
128 142 113.59225325698952
129 115 353.7810622404767
129 128 50.80000000000018
129 130 25.40000000000009
130 129 25.40000000000009
130 131 25.40000000000009
130 144 136.78318610121647
131 117 274.74300719035597
131 130 25.40000000000009
131 132 25.40000000000009
132 131 25.40000000000009
132 133 35.92102448427658
132 146 104.72688289068851
133 119 251.44717138993624
133 132 35.92102448427658
133 134 25.40000000000009
134 133 25.40000000000009
134 135 25.40000000000009
134 148 101.60000000000014
135 121 417.75085876632255
135 134 25.40000000000009
135 136 86.04243139288886
136 135 86.04243139288886
136 137 237.5
136 150 89.34438986304635
137 123 114.29999999999995
137 136 237.5
137 138 114.29999999999995
138 137 114.29999999999995
138 139 216.27320684726516
138 152 244.28937758322593
139 125 127.63342038823534
139 138 216.27320684726516
140 141 35.92102448427674
140 154 330.2
141 127 204.19248272157338
141 140 35.92102448427674
141 142 25.40000000000009
142 141 25.40000000000009
142 143 50.80000000000018
142 156 273.5663722024328
143 129 113.59225325698952
143 142 50.80000000000018
143 144 35.92102448427658
144 143 35.92102448427658
144 145 25.40000000000009
144 158 217.01769513106535
145 131 104.72688289068851
145 144 25.40000000000009
145 146 25.40000000000009
146 145 25.40000000000009
146 147 25.40000000000009
146 160 76.20000000000005
147 133 101.60000000000014
147 146 25.40000000000009
147 148 25.40000000000009
148 147 25.40000000000009
148 149 50.80000000000018
148 162 136.7831861012164
149 135 104.72688289068874
149 148 50.80000000000018
149 150 50.79999999999973
150 149 50.79999999999973
150 151 104.72688289068846
150 164 160.64370513655373
151 137 170.8610253978361
151 150 104.72688289068846
151 152 25.40000000000009
152 151 25.40000000000009
152 153 305.85650230132427
152 166 563.9715241038326
153 139 330.2
153 152 305.85650230132427
154 155 25.399999999999864
154 168 377.59814618188994
155 141 273.5663722024328
155 154 25.399999999999864
155 156 25.40000000000009
156 155 25.40000000000009
156 157 25.40000000000009
156 170 542.0013284116563
157 143 297.2993777322785
157 156 25.40000000000009
157 158 50.799999999999955
158 157 50.799999999999955
158 159 107.99999999999977
158 172 1963.9801679243096
159 145 103.33673112693295
159 158 107.99999999999977
159 160 44.40000000000009
160 159 44.40000000000009
160 161 25.40000000000009
160 174 1857.91556858755
161 147 56.79612662849466
161 160 25.40000000000009
161 162 127.0
162 161 127.0
162 163 50.80000000000018
162 176 1694.9623830634116
163 149 136.7831861012164
163 162 50.80000000000018
163 164 76.19999999999982
164 163 76.19999999999982
164 165 25.40000000000009
164 178 1694.9623830634116
165 151 280.5521698365565
165 164 25.40000000000009
165 166 697.4601350614959
166 165 697.4601350614959
166 167 127.0
166 180 1691.9145723114984
167 153 683.9159305060822
167 166 127.0
168 169 101.60000000000036
168 182 1703.1263488068057
169 155 432.5464136945308
169 168 101.60000000000036
169 170 175.84413552916686
170 169 175.84413552916686
170 171 114.29999999999995
170 184 1594.2776797032564
171 157 474.43403124143623
171 170 114.29999999999995
171 172 1547.2397002403989
172 171 1547.2397002403989
172 173 73.59999999999991
172 186 424.26406871192853
173 159 1934.2112449264687
173 172 73.59999999999991
173 174 76.20000000000005
174 173 76.20000000000005
174 175 73.59999999999991
174 188 235.59159577540106
175 161 1771.9710663552041
175 174 73.59999999999991
175 176 96.80960696129274
176 175 96.80960696129274
176 177 76.20000000000027
176 190 237.7092762178204
177 163 1717.085088165406
177 176 76.20000000000027
177 178 50.79999999999973
178 177 50.79999999999973
178 179 56.79612662849445
178 192 295.2309265642747
179 165 1616.2465282251962
179 178 56.79612662849445
179 180 101.59999999999991
180 179 101.59999999999991
180 181 98.53019841652632
180 194 266.1634460251818
181 167 1468.32826030149
181 180 98.53019841652632
182 183 101.59999999999991
182 196 378.27336676007207
183 169 1703.1263488068053
183 182 101.59999999999991
183 184 50.79999999999973
184 183 50.79999999999973
184 185 207.15815214468424
185 171 1761.35608268175
185 184 207.15815214468424
185 186 76.20000000000027
186 185 76.20000000000027
186 187 223.79999999999973
187 173 300.01126645511164
187 186 223.79999999999973
187 188 76.20000000000027
188 187 76.20000000000027
188 189 76.20000000000005
189 175 300.0
189 188 76.20000000000005
189 190 76.20000000000027
190 189 76.20000000000027
190 191 223.79999999999973
191 177 280.91169430979545
191 190 223.79999999999973
191 192 76.20000000000027
192 191 76.20000000000027
192 193 316.04053537481565
193 179 71.842048968553
193 192 316.04053537481565
193 194 105.55955664931538
194 193 105.55955664931538
194 195 76.20000000000027
195 181 437.56930879576123
195 194 76.20000000000027
196 197 76.20000000000027
197 183 241.3391389725254
197 196 76.20000000000027
