493
0 1 1914.359613552271
0 22 2599.216468476606
1 0 1914.359613552271
1 2 253.04570733367518
2 1 253.04570733367518
2 3 359.4616252119271
2 24 1310.132886389774
3 2 359.4616252119271
3 4 45.790501198392825
4 3 45.790501198392825
4 5 90.90770044391189
4 26 1436.4624081402198
5 4 90.90770044391189
5 6 112.58436836435153
6 5 112.58436836435153
6 7 64.75754782262833
6 28 1329.8337715669581
7 6 64.75754782262833
7 8 140.9861340699858
8 7 140.9861340699858
8 9 17.96051224213837
8 30 1354.6798957687386
9 8 17.96051224213837
9 10 52.36344144534426
10 9 52.36344144534426
10 11 228.9525059919633
10 32 1110.1240020826503
11 10 228.9525059919633
11 12 395.98410321627813
12 11 395.98410321627813
12 13 58.495298956411794
12 34 771.9710162953011
13 12 58.495298956411794
13 14 103.3613080412592
14 13 103.3613080412592
14 15 50.79999999999973
14 36 927.121405210774
15 14 50.79999999999973
15 16 59.87929525303401
16 15 59.87929525303401
16 17 28.39806331424743
16 38 1134.8571055423677
17 16 28.39806331424743
17 18 96.14249840731198
18 17 96.14249840731198
18 19 139.88284383726267
18 40 937.5662643248211
19 18 139.88284383726267
19 20 923.4319574283751
20 19 923.4319574283751
20 21 352.6849302139232
20 42 300.08965327048526
21 20 352.6849302139232
22 23 48.386465049639654
22 44 512.1669747260166
23 1 1092.3553680007253
23 22 48.386465049639654
23 24 479.9827080218621
24 23 479.9827080218621
24 25 119.26042931333099
24 46 937.3693242260491
25 3 1489.3694538293714
25 24 119.26042931333099
25 26 262.88341522431585
26 25 262.88341522431585
26 27 139.24586169793344
26 48 1022.5608490451801
27 5 1341.6995528060668
27 26 139.24586169793344
27 28 77.25108413478729
28 27 77.25108413478729
28 29 51.18915900852443
28 50 688.8038400009107
29 7 1252.9816000245173
29 28 51.18915900852443
29 30 40.16092628413863
30 29 40.16092628413863
30 31 197.1570186425023
30 52 1052.4921472391138
31 9 1249.062916749993
31 30 197.1570186425023
31 32 178.81230382722546
32 31 178.81230382722546
32 33 95.41488353501254
32 54 876.8731835334
33 11 1107.9373493117741
33 32 95.41488353501254
33 34 82.74787006322278
34 33 82.74787006322278
34 35 98.53019841652616
34 56 858.8037785198667
35 13 781.3338914958186
35 34 98.53019841652616
35 36 102.39067340339145
36 35 102.39067340339145
36 37 46.18062364238912
36 58 980.4531605334341
37 15 991.3324215418357
37 36 46.18062364238912
37 38 94.4163651069031
38 37 94.4163651069031
38 39 102.3906734033917
38 60 1151.152730961448
39 17 1168.4690197005655
39 38 102.3906734033917
39 40 453.6686566206662
40 39 453.6686566206662
40 41 165.22399946738986
40 62 898.0256121069153
41 19 827.9387054607364
41 40 165.22399946738986
41 42 76.50150325320426
42 41 76.50150325320426
42 43 40.16092628413828
42 64 372.0456154828329
43 21 463.2437371406114
43 42 40.16092628413828
44 45 44.8588898658893
44 66 949.2628350462265
45 23 536.1361394272914
45 44 44.8588898658893
45 46 40.620807475972306
46 45 40.620807475972306
46 47 208.84503824606438
46 68 980.2656476690388
47 25 907.4058904371296
47 46 208.84503824606438
47 48 51.23875486387226
48 47 51.23875486387226
48 49 45.7905011983927
48 70 1239.2416552069253
49 27 935.568516999156
49 48 45.7905011983927
49 50 218.22935182967493
50 49 218.22935182967493
50 51 215.64250508654368
50 72 1347.4146652014738
51 29 858.824295184993
51 50 215.64250508654368
51 52 403.41245642642235
52 51 403.41245642642235
52 53 130.8964858199028
52 74 881.4156851338647
53 31 1010.418576630497
53 52 130.8964858199028
53 54 51.1519305598529
54 53 51.1519305598529
54 55 66.31033102013589
54 76 748.9882842875446
55 33 889.0
55 54 66.31033102013589
55 56 76.50150325320426
56 55 76.50150325320426
56 57 123.34362569666912
56 78 673.1530658030163
57 35 873.0528620879725
57 56 123.34362569666912
57 58 40.620807475971986
58 57 40.620807475971986
58 59 54.236887816319424
58 80 540.2456570857373
59 37 1034.9526027794705
59 58 54.236887816319424
59 60 168.6935979816659
60 59 168.6935979816659
60 61 44.40000000000009
60 82 285.7694525312317
61 39 1217.743922177401
61 60 44.40000000000009
61 62 22.85366491396939
62 61 22.85366491396939
62 63 139.69999999999982
62 84 176.57884924305048
63 41 723.9274134883965
63 62 139.69999999999982
63 64 345.47735092188003
64 63 345.47735092188003
64 65 763.7970476507483
64 86 338.7494206637112
65 43 940.1563540177772
65 64 763.7970476507483
66 67 72.33097538399436
66 88 945.8791571865826
67 45 953.4378742214933
67 66 72.33097538399436
67 68 62.49455976323055
68 67 62.49455976323055
68 69 62.49455976323055
68 90 1218.4015635249325
69 47 1019.3521275790818
69 68 62.49455976323055
69 70 287.7375366545003
70 69 287.7375366545003
70 71 66.31033102013589
70 92 1039.3690586120024
71 49 1136.6174598342222
71 70 66.31033102013589
71 72 20.112185361118737
72 71 20.112185361118737
72 73 25.40000000000009
72 94 938.9452220443957
73 51 1209.3031919250025
73 72 25.40000000000009
73 74 318.51437958120505
74 73 318.51437958120505
74 75 37.095147930693145
74 96 406.2722486215368
75 53 833.1693765375684
75 74 37.095147930693145
75 76 71.84204896855316
76 75 71.84204896855316
76 77 356.1072310414378
76 98 284.3811702627303
77 55 675.52605427178
77 76 356.1072310414378
77 78 312.2348475106516
78 77 312.2348475106516
78 79 299.57872087316196
78 100 423.5603616959456
79 57 556.6769350350344
79 78 299.57872087316196
79 80 31.700000000000045
80 79 31.700000000000045
80 81 150.9567156505468
80 102 1342.7461599274825
81 59 408.81819920350864
81 80 150.9567156505468
81 82 125.28467583866751
82 81 125.28467583866751
82 83 125.08049408281026
82 104 850.8999999999999
83 61 139.24586169793338
83 82 125.08049408281026
83 84 101.7951374084243
84 83 101.7951374084243
84 85 40.16092628413828
84 106 516.3126184783789
85 63 102.63381509034937
85 84 40.16092628413828
85 86 135.0028518217304
86 85 135.0028518217304
86 87 647.6914234417499
86 108 1177.4865434475246
87 65 996.2824197987236
87 86 647.6914234417499
88 89 102.39067340339146
88 110 654.0109249852025
89 67 785.2165306461651
89 88 102.39067340339146
89 90 389.8480986230408
90 89 389.8480986230408
90 91 44.5
90 112 532.2741117131284
91 69 1148.4199275526353
91 90 44.5
91 92 34.149377739572124
92 91 34.149377739572124
92 93 142.7407790366857
92 114 460.75183124975234
93 71 1175.6425009330003
93 92 142.7407790366857
93 94 332.34018715767735
94 93 332.34018715767735
94 95 565.0999999999999
94 116 367.0137054661583
95 73 378.10273736115664
95 94 565.0999999999999
95 96 355.82671344349615
96 95 355.82671344349615
96 97 28.398063314247533
96 118 341.30462932694036
97 75 432.82562308624927
97 96 28.398063314247533
97 98 88.90000000000009
98 97 88.90000000000009
98 99 216.73442273898266
98 120 355.65758813780417
99 77 839.7154875313424
99 98 216.73442273898266
99 100 108.18946344261072
100 99 108.18946344261072
100 101 273.7601322325805
100 122 435.60165288942596
101 79 988.3064808044111
101 100 273.7601322325805
101 102 323.8000000000002
102 101 323.8000000000002
102 103 70.94596535392284
102 124 725.3840086464551
103 81 1131.1717155233328
103 102 70.94596535392284
103 104 387.87055830521615
104 103 387.87055830521615
104 105 298.4000000000001
104 126 337.4572713692802
105 83 514.5555169269879
105 104 298.4000000000001
105 106 137.37150359517804
106 105 137.37150359517804
106 107 152.4000000000001
106 128 308.016882654182
107 85 631.287652342417
107 106 152.4000000000001
107 108 641.2999999999997
108 107 641.2999999999997
108 109 463.54281355663363
108 130 649.0681628303761
109 87 487.00164270770193
109 108 463.54281355663363
110 111 425.4481402004245
110 132 444.51035983427874
111 89 454.3690130279573
111 110 425.4481402004245
111 112 51.1891590085242
112 111 51.1891590085242
112 113 171.96959033503572
112 134 297.40082380518066
113 91 469.9422304922171
113 112 171.96959033503572
113 114 42.574757779698444
114 113 42.574757779698444
114 115 552.5
114 136 277.29091222036124
115 93 904.3526137519589
115 114 552.5
115 116 311.7855833742155
116 115 311.7855833742155
116 117 615.9322202970064
116 138 363.7638794602895
117 95 1048.1679493287324
117 116 615.9322202970064
117 118 533.5511690550402
118 117 533.5511690550402
118 119 188.09904305976704
118 140 505.772616894193
119 97 437.3746791939378
119 118 188.09904305976704
119 120 375.1864869634835
120 119 375.1864869634835
120 121 72.33975393931031
120 142 958.1414613719626
121 99 460.18884167263326
121 120 72.33975393931031
121 122 444.5
122 121 444.5
122 123 255.98289005322215
122 144 344.2611944439866
123 101 435.0513647835162
123 122 255.98289005322215
123 124 546.1000000000004
124 123 546.1000000000004
124 125 88.89999999999964
124 146 305.3900620517962
125 103 735.8843523271846
125 124 88.89999999999964
125 126 285.7694525312317
126 125 285.7694525312317
126 127 444.5460718530758
126 148 436.99812356576535
127 105 363.5229016169404
127 126 444.5460718530758
127 128 281.9857620519165
128 127 281.9857620519165
128 129 311.45903422440625
128 150 847.1726211345592
129 107 376.956880823258
129 128 311.45903422440625
129 130 121.36630504386278
130 129 121.36630504386278
130 131 222.20000000000027
130 152 344.20031958149013
131 109 453.56086691865266
131 130 222.20000000000027
132 133 38.633793497403204
132 154 403.3817670644027
133 111 352.18178544609606
133 132 38.633793497403204
133 134 66.2815962390768
134 133 66.2815962390768
134 135 108.0
134 156 682.7357468303533
135 113 336.5985888265131
135 134 108.0
135 136 63.821704771966104
136 135 63.821704771966104
136 137 158.80000000000018
136 158 267.0337244619112
137 115 668.778109689604
137 136 158.80000000000018
137 138 565.3426660000113
138 137 565.3426660000113
138 139 558.8355124721407
138 160 284.29183948893086
139 117 406.5983890769859
139 138 558.8355124721407
139 140 228.5999999999999
140 139 228.5999999999999
140 141 209.59773376637446
140 162 724.0113949379524
141 119 215.6682637756421
141 140 209.59773376637446
141 142 508.63460362032
142 141 508.63460362032
142 143 552.6459445250639
142 164 237.96978799839286
143 121 497.1446469590112
143 142 552.6459445250639
143 144 279.4000000000001
144 143 279.4000000000001
144 145 110.94665384769377
144 166 258.5081236634548
145 123 465.7628688506634
145 144 110.94665384769377
145 146 84.65961256703223
146 145 84.65961256703223
146 147 34.24222539497132
146 168 270.00570364346044
147 125 405.22839239125375
147 146 34.24222539497132
147 148 400.90543772815045
148 147 400.90543772815045
148 149 444.5460718530758
148 170 204.53080452587074
149 127 590.7889301603409
149 148 444.5460718530758
149 150 565.1999999999998
150 149 565.1999999999998
150 151 819.2984376892218
150 172 958.9130773954433
151 129 378.75882827994906
151 150 819.2984376892218
151 152 463.64280432246534
152 151 463.64280432246534
152 153 489.04187959723856
152 174 590.3792763978088
153 131 215.9918979961981
153 152 489.04187959723856
154 155 247.69999999999982
154 176 936.616570427835
155 133 250.48315312611354
155 154 247.69999999999982
155 156 711.4537511321452
156 155 711.4537511321452
156 157 96.14249840731223
156 178 679.2242634064247
157 135 698.8462778036384
157 156 96.14249840731223
157 158 724.0113949379527
158 157 724.0113949379527
158 159 71.04435234415199
158 180 193.0931899368798
159 137 328.50961934165645
159 158 71.04435234415199
159 160 209.98440418278676
160 159 209.98440418278676
160 161 197.82421489797463
160 182 978.3000817745033
161 139 342.3171044514134
161 160 197.82421489797463
161 162 222.38925333747602
162 161 222.38925333747602
162 163 673.0999999999999
162 184 327.36523944976176
163 141 334.1352121522066
163 162 673.0999999999999
163 164 260.4000000000001
164 163 260.4000000000001
164 165 647.731618805196
164 186 195.65768576777157
165 143 264.6258679721238
165 164 647.731618805196
165 166 25.40000000000009
166 165 25.40000000000009
166 167 508.0390634587069
166 188 115.00339125434512
167 145 561.2653026867066
167 166 508.0390634587069
167 168 260.70951267646535
168 167 260.70951267646535
168 169 495.3413469517764
168 190 317.4370016239443
169 147 400.97393930279316
169 168 495.3413469517764
169 170 40.160926284138775
170 169 40.160926284138775
170 171 412.8480713289088
170 192 855.5314254894436
171 149 192.7813528326846
171 170 412.8480713289088
171 172 431.8474267608871
172 171 431.8474267608871
172 173 120.76444013036279
172 194 861.7975690381122
173 151 184.0999999999999
173 172 120.76444013036279
173 174 96.04337561747845
174 173 96.04337561747845
174 175 69.80000000000018
174 196 357.41723517480267
175 153 184.10000000000014
175 174 69.80000000000018
176 177 234.9000000000001
176 198 105.71210905095005
177 155 924.0356919513445
177 176 234.9000000000001
177 178 857.2238914076064
178 177 857.2238914076064
178 179 127.0
178 200 257.1554004877209
179 157 707.3525429373955
179 178 127.0
179 180 165.22015615535526
180 179 165.22015615535526
180 181 463.5
180 202 674.3971011206971
181 159 289.62922849740164
181 180 463.5
181 182 501.6999999999998
182 181 501.6999999999998
182 183 406.598389076986
182 204 170.6955769784323
183 161 383.780275678675
183 182 406.598389076986
183 184 279.4000000000001
184 183 279.4000000000001
184 185 63.5
184 206 449.78925064967945
185 163 437.3645161647205
185 184 63.5
185 186 527.1530043545232
186 185 527.1530043545232
186 187 88.90000000000009
186 208 617.7748780907166
187 165 587.7884398318835
187 186 88.90000000000009
187 188 590.5346814540193
188 187 590.5346814540193
188 189 241.63397939859343
188 210 267.90679349355804
189 167 746.4235057927904
189 188 241.63397939859343
189 190 774.6999999999998
190 189 774.6999999999998
190 191 38.09999999999991
190 212 213.4039596633577
191 169 838.0812430784978
191 190 38.09999999999991
191 192 57.09999999999991
192 191 57.09999999999991
192 193 692.1286730081335
192 214 574.4791815200963
193 171 269.10817527529707
193 192 692.1286730081335
193 194 679.4301435762179
194 193 679.4301435762179
194 195 120.69999999999982
194 216 301.09466949781756
195 173 861.2700215379608
195 194 120.69999999999982
195 196 603.3328931858429
196 195 603.3328931858429
196 197 57.45754954747015
196 218 309.6125320461044
197 175 237.1498471431092
197 196 57.45754954747015
198 199 57.45754954747018
198 220 206.74102157046636
199 177 361.9706203547463
199 198 57.45754954747018
199 200 749.3000000000002
200 199 749.3000000000002
200 201 565.4193222733018
200 222 431.82978127961496
201 179 463.53322426768915
201 200 565.4193222733018
201 202 50.80000000000018
202 201 50.80000000000018
202 203 120.69999999999982
202 224 670.1202951709491
203 181 339.4609992326066
203 202 120.69999999999982
203 204 60.209799866799415
204 203 60.209799866799415
204 205 342.9000000000001
204 226 243.02084272753265
205 183 122.21227434263703
205 204 342.9000000000001
205 206 206.7410215704661
206 205 206.7410215704661
206 207 196.79999999999973
206 228 169.05363054368266
207 185 326.6000918554682
207 206 196.79999999999973
207 208 368.3000000000002
208 207 368.3000000000002
208 209 127.63342038823531
208 230 297.2993777322785
209 187 832.0276557903588
209 208 127.63342038823531
209 210 457.1999999999998
210 209 457.1999999999998
210 211 95.20000000000027
210 232 199.24989335003423
211 189 579.1951398276749
211 210 95.20000000000027
211 212 38.09999999999991
212 211 38.09999999999991
212 213 546.0999999999999
212 234 681.693494174618
213 191 359.66824991928326
213 212 546.0999999999999
213 214 838.2236753993528
214 213 838.2236753993528
214 215 222.2921501088154
214 236 500.78438474057873
215 193 160.30835910831345
215 214 222.2921501088154
215 216 495.3000000000002
216 215 495.3000000000002
216 217 184.30770466803588
216 238 324.30164970286546
217 195 593.0744472661081
217 216 184.30770466803588
217 218 254.08061712771402
218 217 254.08061712771402
218 219 72.43624783214513
218 240 253.73549219610572
219 197 431.8297812796145
219 218 72.43624783214513
220 221 469.9000000000001
220 242 171.86163038910124
221 199 580.7064060263158
221 220 469.9000000000001
221 222 222.66248000056066
222 221 222.66248000056066
222 223 520.7393301835381
222 244 201.18531258518834
223 201 692.3726742152664
223 222 520.7393301835381
223 224 77.25108413478718
224 223 77.25108413478718
224 225 1092.1999999999998
224 246 674.4638240854729
225 203 349.5017310400622
225 224 1092.1999999999998
225 226 463.64280432246534
226 225 463.64280432246534
226 227 57.09999999999991
226 248 120.94461542375493
227 205 156.81725032661436
227 226 57.09999999999991
227 228 19.09999999999991
228 227 19.09999999999991
228 229 285.7000000000003
228 250 234.1057026217001
229 207 247.63077353188592
229 228 285.7000000000003
229 230 139.8465230171994
230 229 139.8465230171994
230 231 393.6999999999998
230 252 424.8427944546074
231 209 805.0237387804162
231 230 393.6999999999998
231 232 171.9695903350357
232 231 171.9695903350357
232 233 120.59999999999991
232 254 418.56102303009516
233 211 110.87795091901721
233 232 120.59999999999991
233 234 590.633600466482
234 233 590.633600466482
234 235 406.45039057675916
234 256 690.8938051538743
235 213 820.7973745084712
235 234 406.45039057675916
235 236 463.5999999999999
236 235 463.5999999999999
236 237 165.58774109214718
236 258 148.098379464463
237 215 557.9334189668158
237 236 165.58774109214718
237 238 247.92549284008683
238 237 247.92549284008683
238 239 762.0
238 260 167.3970728537393
239 217 304.35645220694767
239 238 762.0
239 240 318.06799587509585
240 239 318.06799587509585
240 241 113.81124724736101
240 262 335.68069649594065
241 219 207.40494208190898
241 240 113.81124724736101
242 243 26.0
242 264 273.9421289250706
243 221 386.773590101496
243 242 26.0
243 244 26.0
244 243 26.0
244 245 26.0
244 266 164.11048107905845
245 223 725.8833239577827
245 244 26.0
245 246 26.0
246 245 26.0
246 247 26.0
246 268 746.6334910784537
247 225 405.8100664103837
247 246 26.0
247 248 26.0
248 247 26.0
248 249 26.0
248 270 237.21199379458014
249 227 192.15444309200848
249 248 26.0
249 250 26.0
250 249 26.0
250 251 26.0
250 272 268.7959077069441
251 229 538.1534074964127
251 250 26.0
251 252 26.0
252 251 26.0
252 253 26.0
252 274 110.4073367127386
253 231 87.8018792509591
253 252 26.0
253 254 635.3969625360195
254 253 635.3969625360195
254 255 342.99620989159604
254 276 133.97947604017585
255 233 95.89812302647012
255 254 342.99620989159604
255 256 45.5
256 255 45.5
256 257 26.0
256 278 58.86000339789321
257 235 314.00740437129787
257 256 26.0
257 258 26.0
258 257 26.0
258 259 26.0
258 280 58.86000339789321
259 237 82.00006097558682
259 258 26.0
259 260 26.0
260 259 26.0
260 261 26.0
260 282 58.86000339789321
261 239 627.7950143159785
261 260 26.0
261 262 26.0
262 261 26.0
262 263 26.0
262 284 58.86000339789321
263 241 248.040903884823
263 262 26.0
264 265 908.1006662259421
264 286 66.9215959164155
265 243 661.5282684814005
265 264 908.1006662259421
265 266 527.2529753353697
266 265 527.2529753353697
266 267 222.39210867294702
266 288 131.2702936692076
267 245 410.5475611911484
267 266 222.39210867294702
267 268 311.0999999999999
268 267 311.0999999999999
268 269 982.7171159596232
268 290 715.5135358607827
269 247 216.83952591720927
269 268 982.7171159596232
269 270 416.05077815093676
270 269 416.05077815093676
270 271 173.12969127217895
270 292 204.11927885430106
271 249 434.13557790165027
271 270 173.12969127217895
271 272 195.8013789532646
272 271 195.8013789532646
272 273 370.5
272 294 230.29956578335097
273 251 108.58862739716349
273 272 370.5
273 274 23.70843731670243
274 273 23.70843731670243
274 275 576.3344341612778
274 296 513.7788726679993
275 253 527.2589496632561
275 274 576.3344341612778
275 276 228.5999999999999
276 275 228.5999999999999
276 277 388.9000514270988
276 298 389.78154137927066
277 255 89.85260152049007
277 276 388.9000514270988
277 278 107.19999999999982
278 277 107.19999999999982
278 279 26.0
278 300 668.3427339322243
279 257 58.86000339789321
279 278 26.0
279 280 26.0
280 279 26.0
280 281 26.0
280 302 157.6985732338757
281 259 58.86000339789321
281 280 26.0
281 282 26.0
282 281 26.0
282 283 26.0
282 304 627.059718049246
283 261 58.86000339789321
283 282 26.0
283 284 26.0
284 283 26.0
284 285 26.0
284 306 159.4305177812581
285 263 58.86000339789321
285 284 26.0
286 287 102.66883655715611
286 308 191.5214870451875
287 265 979.4235906899528
287 286 102.66883655715611
287 288 334.8000000000002
288 287 334.8000000000002
288 289 39.13936637197899
288 310 255.5748422673875
289 267 380.7346188620097
289 288 39.13936637197899
289 290 26.0
290 289 26.0
290 291 26.0
290 312 65.05359329045555
291 269 249.9930599036703
291 290 26.0
291 292 26.0
292 291 26.0
292 293 26.0
292 314 198.24098970697258
293 271 399.42489907365547
293 292 26.0
293 294 26.0
294 293 26.0
294 295 26.0
294 316 298.95600010703896
295 273 122.35456673128304
295 294 26.0
295 296 373.0077210997113
296 295 373.0077210997113
296 297 209.5999999999999
296 318 410.73285721987247
297 275 148.29150346530298
297 296 209.5999999999999
297 298 306.4010443846431
298 297 306.4010443846431
298 299 334.6999999999998
298 320 93.07894498757477
299 277 335.7083406768439
299 298 334.6999999999998
299 300 895.1168973938543
300 299 895.1168973938543
300 301 953.6005243287149
300 322 562.3258930549082
301 279 262.0233768197029
301 300 953.6005243287149
301 302 81.45974465955544
302 301 81.45974465955544
302 303 289.3000000000002
302 324 373.2202834788054
303 281 167.11448171837174
303 302 289.3000000000002
303 304 437.03093712001674
304 303 437.03093712001674
304 305 495.5017053451986
304 326 519.8643861623916
305 283 162.5
305 304 495.5017053451986
305 306 334.8000000000002
306 305 334.8000000000002
306 307 130.0418778701692
306 328 277.3084924772408
307 285 48.9048054898493
307 306 130.0418778701692
308 309 130.0393786512378
308 330 186.82837043661223
309 287 417.2675999883049
309 308 130.0393786512378
309 310 334.6999999999998
310 309 334.6999999999998
310 311 95.12628448541443
310 332 257.55096583006633
311 289 124.27010903672691
311 310 95.12628448541443
311 312 38.09999999999991
312 311 38.09999999999991
312 313 97.61311387308564
312 334 402.56708757671674
313 291 76.97876330521281
313 312 97.61311387308564
313 314 289.1999999999998
314 313 289.1999999999998
314 315 49.93125273814013
314 336 395.82381181530735
315 293 222.41838952748515
315 314 49.93125273814013
315 316 488.9000000000001
316 315 488.9000000000001
316 317 68.72103026003012
316 338 441.72896667526777
317 295 256.9885016883051
317 316 68.72103026003012
317 318 289.3000000000002
318 317 289.3000000000002
318 319 104.20292702222908
318 340 392.8801980247925
319 297 723.8822072685584
319 318 104.20292702222908
319 320 334.8000000000002
320 319 334.8000000000002
320 321 82.42293370173152
320 342 74.11140263144397
321 299 178.35201148290966
321 320 82.42293370173152
321 322 163.51223195834615
322 321 163.51223195834615
322 323 334.6999999999998
322 344 129.3468206025952
323 301 74.11140263144397
323 322 334.6999999999998
323 324 393.4234995523268
324 323 393.4234995523268
324 325 63.5
324 346 476.48455378952195
325 303 151.23127983324048
325 324 63.5
325 326 226.21069824391577
326 325 226.21069824391577
326 327 289.1999999999998
326 348 137.660052302765
327 305 314.42805218364344
327 326 289.1999999999998
327 328 250.87662306400702
328 327 250.87662306400702
328 329 119.70037593925954
328 350 196.27475640030713
329 307 266.6603270079749
329 328 119.70037593925954
330 331 104.20292702222908
330 352 212.9184116040696
331 309 418.48088367331667
331 330 104.20292702222908
331 332 334.8000000000002
332 331 334.8000000000002
332 333 279.6271982479529
332 354 235.24219434446724
333 311 440.35424376290496
333 332 279.6271982479529
333 334 800.0999999999999
334 333 800.0999999999999
334 335 267.01265887594167
334 356 580.492515024957
335 313 235.14408348925116
335 334 267.01265887594167
335 336 334.6999999999998
336 335 334.6999999999998
336 337 104.20292702222908
336 358 162.6624726235278
337 315 342.17108293951446
337 336 104.20292702222908
337 338 289.1999999999998
338 337 289.1999999999998
338 339 121.7532340432892
338 360 45.17565716179465
339 317 253.59860015386536
339 338 121.7532340432892
339 340 349.3000000000002
340 339 349.3000000000002
340 341 82.5
340 362 414.62255124389947
341 319 577.8723474955349
341 340 82.5
341 342 183.0229766996483
342 341 183.0229766996483
342 343 289.3000000000002
342 364 93.16619558616758
343 321 154.05599631302897
343 342 289.3000000000002
343 344 434.2133116338096
344 343 434.2133116338096
344 345 203.42362203048066
344 366 436.9114326725725
345 323 257.55096583006633
345 344 203.42362203048066
345 346 334.8000000000002
346 345 334.8000000000002
346 347 71.47621982170023
346 368 565.6149308496018
347 325 611.2220627562457
347 346 71.47621982170023
347 348 514.4000000000001
348 347 514.4000000000001
348 349 27.188968351153015
348 370 82.7248451192265
349 327 395.82381181530735
349 348 27.188968351153015
349 350 334.6999999999998
350 349 334.6999999999998
350 351 418.81147309977047
350 372 93.16619558616758
351 329 114.79830138116127
351 350 418.81147309977047
352 353 289.1999999999998
352 374 83.07857726273342
353 331 45.17565716179465
353 352 289.1999999999998
353 354 81.45974465955544
354 353 81.45974465955544
354 355 65.90000000000009
354 376 314.42805218364344
355 333 446.44239270033484
355 354 65.90000000000009
355 356 223.4000000000001
356 355 223.4000000000001
356 357 62.462788922685434
356 378 373.28340439939194
357 335 376.72616049326825
357 356 62.462788922685434
357 358 196.89999999999964
358 357 196.89999999999964
358 359 76.09001248521386
358 380 143.21623511320217
359 337 45.17565716179465
359 358 76.09001248521386
359 360 334.8000000000002
360 359 334.8000000000002
360 361 198.41837112525653
360 382 338.8141673543185
361 339 345.01017376303565
361 360 198.41837112525653
361 362 279.72581218042814
362 361 279.72581218042814
362 363 334.6999999999998
362 384 731.5114489876423
363 341 165.68554553732218
363 362 334.6999999999998
363 364 104.20292702222908
364 363 104.20292702222908
364 365 289.1999999999998
364 386 186.85098340656384
365 343 93.07894498757477
365 364 289.1999999999998
365 366 81.45974465955544
366 365 81.45974465955544
366 367 289.3000000000002
366 388 314.42805218364344
367 345 74.11140263144397
367 366 289.3000000000002
367 368 170.3142096244465
368 367 170.3142096244465
368 369 25.40000000000009
368 390 68.72735990855492
369 347 611.2147903969601
369 368 25.40000000000009
369 370 25.399999999999636
370 369 25.399999999999636
370 371 641.3000000000002
370 392 205.41550574384613
371 349 546.0564897517472
371 370 641.3000000000002
371 372 128.5719253958655
372 371 128.5719253958655
372 373 334.8000000000002
372 394 76.4266969062512
373 351 170.65125255912983
373 372 334.8000000000002
374 375 158.56106079362613
374 396 257.8514300910507
375 353 74.11140263144397
375 374 158.56106079362613
375 376 334.6999999999998
376 375 334.6999999999998
376 377 104.20292702222908
376 398 479.47141729200104
377 355 149.20676928343423
377 376 104.20292702222908
377 378 289.1999999999998
378 377 289.1999999999998
378 379 81.45974465955544
378 400 45.17565716179465
379 357 355.12466825046084
379 378 81.45974465955544
379 380 289.3000000000002
380 379 289.3000000000002
380 381 252.90506123840188
380 402 249.58092875858924
381 359 314.9418517758473
381 380 252.90506123840188
381 382 311.43854931591204
382 381 311.43854931591204
382 383 334.8000000000002
382 404 139.6092403818601
383 361 204.43348551546063
383 382 334.8000000000002
383 384 811.3013866621949
384 383 811.3013866621949
384 385 525.3030839429749
384 406 561.6883833586022
385 363 138.85762492567702
385 384 525.3030839429749
385 386 156.0
386 385 156.0
386 387 48.805020233578254
386 408 287.4867649127521
387 365 74.11140263144397
387 386 48.805020233578254
387 388 334.6999999999998
388 387 334.6999999999998
388 389 115.90729053860254
388 410 120.53389564765595
389 367 144.3400498822138
389 388 115.90729053860254
389 390 88.90000000000009
390 389 88.90000000000009
390 391 234.89999999999964
390 412 334.4336855043164
391 369 319.77782912516
391 390 234.89999999999964
391 392 543.7248660857804
392 391 543.7248660857804
392 393 289.1999999999998
392 414 84.26796544357751
393 371 157.3740131025452
393 392 289.1999999999998
393 394 87.80820007265854
394 393 87.80820007265854
394 395 458.3306448405999
394 416 253.1381638552356
395 373 74.11140263144397
395 394 458.3306448405999
396 397 101.59999999999991
396 418 361.8735967157593
397 375 515.6537695004274
397 396 101.59999999999991
397 398 298.4000000000001
398 397 298.4000000000001
398 399 559.0270565902871
398 420 894.3549015910855
399 377 45.17565716179465
399 398 559.0270565902871
399 400 334.8000000000002
400 399 334.8000000000002
400 401 120.34525333389782
400 422 843.4101552625507
401 379 39.336115720797885
401 400 120.34525333389782
401 402 26.0
402 401 26.0
402 403 26.0
402 424 249.56660433639755
403 381 475.13245521643717
403 402 26.0
403 404 26.0
404 403 26.0
404 405 26.0
404 426 246.89467389962078
405 383 226.20561443076534
405 404 26.0
405 406 26.0
406 405 26.0
406 407 26.0
406 428 505.547663430462
407 385 27.750495491071803
407 406 26.0
407 408 139.736645157954
408 407 139.736645157954
408 409 334.6999999999998
408 430 78.22135258354946
409 387 26.0
409 408 334.6999999999998
409 410 450.6559330575821
410 409 450.6559330575821
410 411 216.95464963904314
410 432 197.2805616374811
411 389 221.0637916982335
411 410 216.95464963904314
411 412 26.0
412 411 26.0
412 413 26.0
412 434 61.6644143732834
413 391 594.0466311662743
413 412 26.0
413 414 26.0
414 413 26.0
414 415 26.0
414 436 61.6644143732834
415 393 192.49220763449102
415 414 26.0
415 416 26.0
416 415 26.0
416 417 26.0
416 438 61.6644143732834
417 395 236.24616399002122
417 416 26.0
418 419 26.0
418 440 61.6644143732834
419 397 489.11538515978
419 418 26.0
419 420 107.30000000000018
420 419 107.30000000000018
420 421 824.0000546116487
420 442 492.4152414375494
421 399 489.90645025351506
421 420 824.0000546116487
421 422 19.0
422 421 19.0
422 423 427.0450093374234
422 444 514.6146519484262
423 401 297.13823382392223
423 422 427.0450093374234
423 424 23.612284938141666
424 423 23.612284938141666
424 425 370.5
424 446 129.90434942679937
425 403 153.70341570700373
425 424 370.5
425 426 68.80000000000018
426 425 68.80000000000018
426 427 25.40000000000009
426 448 285.1019642163135
427 405 297.84724272687197
427 426 25.40000000000009
427 428 825.5240396257398
428 427 825.5240396257398
428 429 754.1297633696736
428 450 578.6312210726273
429 407 280.55904904315616
429 428 754.1297633696736
429 430 474.7404870031624
430 429 474.7404870031624
430 431 58.70076660487475
430 452 351.34771950305833
431 409 338.71535247165855
431 430 58.70076660487475
431 432 72.98794420998563
432 431 72.98794420998563
432 433 52.0
432 454 273.9504334729186
433 411 61.6644143732834
433 432 52.0
433 434 26.0
434 433 26.0
434 435 26.0
434 456 402.5341351984944
435 413 61.6644143732834
435 434 26.0
435 436 26.0
436 435 26.0
436 437 26.0
436 458 141.49636037721922
437 415 61.6644143732834
437 436 26.0
437 438 26.0
438 437 26.0
438 439 26.0
438 460 379.89705184431176
439 417 61.6644143732834
439 438 26.0
440 441 45.5
440 462 418.39193347864625
441 419 70.30824987154779
441 440 45.5
441 442 419.2605037443903
442 441 419.2605037443903
442 443 127.0944530654268
442 464 128.41339493993607
443 421 470.22892297263024
443 442 127.0944530654268
443 444 26.0
444 443 26.0
444 445 26.0
444 466 331.0166310021294
445 423 130.71679310631802
445 444 26.0
445 446 26.0
446 445 26.0
446 447 26.0
446 468 192.95641995020517
447 425 243.76400472588236
447 446 26.0
447 448 26.0
448 447 26.0
448 449 26.0
448 470 198.39783264945186
449 427 284.5194720928607
449 448 26.0
449 450 26.0
450 449 26.0
450 451 26.0
450 472 150.46062607871855
451 429 162.49901538163255
451 450 26.0
451 452 26.0
452 451 26.0
452 453 26.0
452 474 272.805883367643
453 431 318.9552946730935
453 452 26.0
453 454 26.0
454 453 26.0
454 455 26.0
454 476 118.57440701939011
455 433 248.05007558958735
455 454 26.0
455 456 622.8018063557616
456 455 622.8018063557616
456 457 120.86955778855135
456 478 762.4992131143479
457 435 308.63068544783414
457 456 120.86955778855135
457 458 204.78134680678346
458 457 204.78134680678346
458 459 32.41805052744552
458 480 232.8718961145805
459 437 197.800530838519
459 458 32.41805052744552
459 460 159.20734907660494
460 459 159.20734907660494
460 461 90.96356413421834
460 482 343.4259891155586
461 439 494.14091107699227
461 460 90.96356413421834
462 463 63.821704771966104
462 484 660.8926085227463
463 441 524.945035217974
463 462 63.821704771966104
463 464 108.0837638130724
464 463 108.0837638130724
464 465 82.74787006322278
464 486 616.5224164618836
465 443 225.98860590746594
465 464 82.74787006322278
465 466 193.44063688894343
466 465 193.44063688894343
466 467 167.6050416902783
466 488 574.3152879734264
467 445 201.06048841082622
467 466 167.6050416902783
467 468 22.93686988235309
468 467 22.93686988235309
468 469 28.39806331424743
468 490 724.6831307544008
469 447 206.90782972135185
469 468 28.39806331424743
469 470 32.41805052744552
470 469 32.41805052744552
470 471 31.780025173054575
470 492 681.2965580420905
471 449 183.6945562612022
471 470 31.780025173054575
471 472 114.47903738239609
472 471 114.47903738239609
472 473 230.07096731226204
473 451 295.2697918853197
473 472 230.07096731226204
473 474 67.4685111737322
474 473 67.4685111737322
474 475 107.9941202103152
475 453 229.03143888994833
475 474 107.9941202103152
475 476 146.10000000000036
476 475 146.10000000000036
476 477 22.9368698823535
477 455 104.76435462503453
477 476 22.9368698823535
477 478 114.29999999999973
478 477 114.29999999999973
478 479 104.72688289068846
479 457 537.947581089459
479 478 104.72688289068846
479 480 101.59999999999991
480 479 101.59999999999991
480 481 223.01085175389989
481 459 482.9778152255028
481 480 223.01085175389989
481 482 299.47908107245166
482 481 299.47908107245166
482 483 349.258643414877
483 461 777.2981024034475
483 482 349.258643414877
484 485 158.69999999999982
485 463 567.9612662849468
485 484 158.69999999999982
485 486 153.5922198550435
486 485 153.5922198550435
486 487 22.936869882353122
487 465 682.5204026254456
487 486 22.936869882353122
487 488 120.76444013036324
488 487 120.76444013036324
488 489 64.75754782262837
489 467 467.2319552427894
489 488 64.75754782262837
489 490 255.9332725536094
490 489 255.9332725536094
490 491 56.79612662849445
491 469 776.2658371975413
491 490 56.79612662849445
491 492 254.0
492 491 254.0
