657
0 1 1316.611446099418
0 25 2087.612313146289
1 0 1316.611446099418
1 2 58.5929176607549
2 1 58.5929176607549
2 3 96.04337561747798
2 27 823.6581390358502
3 2 96.04337561747798
3 4 140.27608491827823
4 3 140.27608491827823
4 5 222.29999999999995
4 29 741.9452607841095
5 4 222.29999999999995
5 6 76.45998953701216
6 5 76.45998953701216
6 7 329.46649298525045
6 31 877.4711391265241
7 6 329.46649298525045
7 8 119.811560377119
8 7 119.811560377119
8 9 40.16092628413856
8 33 215.947794617125
9 8 40.16092628413856
9 10 85.19418994274189
10 9 85.19418994274189
10 11 101.60000000000014
10 35 283.16161463023195
11 10 101.60000000000014
11 12 67.46851117373203
12 11 67.46851117373203
12 13 331.1754821842946
12 37 729.127835156497
13 12 331.1754821842946
13 14 152.534324006107
14 13 152.534324006107
14 15 31.78002517305487
14 39 269.8039658715194
15 14 31.78002517305487
15 16 63.81175440308785
16 15 63.81175440308785
16 17 31.699999999999818
16 41 319.12036913992193
17 16 31.699999999999818
17 18 82.60000000000014
18 17 82.60000000000014
18 19 38.09999999999991
18 43 472.63796927458105
19 18 38.09999999999991
19 20 157.09032433603272
20 19 157.09032433603272
20 21 127.63342038823531
20 45 256.0200968674139
21 20 127.63342038823531
21 22 317.5
22 21 317.5
22 23 88.89999999999986
22 47 463.22591680518036
23 22 88.89999999999986
23 24 463.64417390925973
24 23 463.64417390925973
24 49 253.7880414834395
25 26 35.92102448427674
25 50 376.95688082325813
26 1 869.2776598992982
26 25 35.92102448427674
26 27 28.39806331424743
27 26 28.39806331424743
27 28 273.0999999999999
27 52 204.78134680678306
28 3 553.7123531220881
28 27 273.0999999999999
28 29 197.3091482927237
29 28 197.3091482927237
29 30 86.32155003242234
29 54 284.6579175080153
30 5 867.5289332350825
30 29 86.32155003242234
30 31 89.80256121069141
31 30 89.80256121069141
31 32 571.5
31 56 417.7508587663226
32 7 108.64483420761418
32 31 571.5
32 33 17.96051224213837
33 32 17.96051224213837
33 34 666.8000000000002
33 58 693.7120007611228
34 9 831.7288079656735
34 33 666.8000000000002
34 35 654.223279928191
35 34 654.223279928191
35 36 17.96051224213821
35 60 184.5547344285698
36 11 224.3953653710341
36 35 17.96051224213821
36 37 641.4000000000001
37 36 641.4000000000001
37 38 40.16092628413835
37 62 306.9093677293022
38 13 458.4514150921554
38 37 40.16092628413835
38 39 666.8
39 38 666.8
39 40 279.68848742842465
39 64 193.09318993687995
40 15 270.0868378873729
40 39 279.68848742842465
40 41 285.77167459354683
41 40 285.77167459354683
41 42 660.4300492860694
41 66 765.1638517337315
42 17 478.15220380125834
42 41 660.4300492860694
42 43 76.19999999999982
43 42 76.19999999999982
43 44 628.7325743112089
43 68 722.4503027890568
44 19 359.39316910592476
44 43 628.7325743112089
44 45 22.853664913969514
45 44 22.853664913969514
45 46 558.8
45 70 589.8544311946804
46 21 596.8162196187365
46 45 558.8
46 47 165.58774109214718
47 46 165.58774109214718
47 48 419.0999999999999
47 72 516.3701095144838
48 23 244.41736844995276
48 47 419.0999999999999
48 49 228.60000000000014
49 48 228.60000000000014
49 74 181.90354586978228
50 51 660.4000000000001
50 75 653.031974714868
51 26 408.97155157785744
51 50 660.4000000000001
51 52 495.4627937595316
52 51 495.4627937595316
52 53 489.164890399955
52 77 375.24148224843174
53 28 370.26544532267656
53 52 489.164890399955
53 54 292.0999999999999
54 53 292.0999999999999
54 55 273.10000000000014
54 79 323.8058832078254
55 30 155.66197351954662
55 54 273.10000000000014
55 56 514.3
56 55 514.3
56 57 603.2339512991623
56 81 194.34536269229565
57 32 390.37060596310266
57 56 603.2339512991623
57 58 304.8651013153194
58 57 304.8651013153194
58 59 273.1749805527584
58 83 382.0568674948795
59 34 298.58561586251943
59 58 273.1749805527584
59 60 514.3385849807497
60 59 514.3385849807497
60 61 889.0
60 85 439.939825430706
61 36 791.3571949505483
61 60 889.0
61 62 139.70000000000005
62 61 139.70000000000005
62 63 863.6933773047008
62 87 248.90962215229834
63 38 635.1269873025393
63 62 863.6933773047008
63 64 178.2529943647511
64 63 178.2529943647511
64 65 419.0999999999999
64 89 1164.1127866319482
65 40 127.1611575914595
65 64 419.0999999999999
65 66 463.5
66 65 463.5
66 67 260.70951267646535
66 91 625.4024704140526
67 42 377.59814618188994
67 66 260.70951267646535
67 68 990.5999999999999
68 67 990.5999999999999
68 69 374.815221142365
68 93 156.1669939519872
69 44 321.07833935038343
69 68 374.815221142365
69 70 261.63585381212573
70 69 261.63585381212573
70 71 101.80137523629031
70 95 468.35285843047853
71 46 190.50000000000003
71 70 101.80137523629031
71 72 444.5446434274065
72 71 444.5446434274065
72 73 285.79999999999995
72 97 210.36206882420603
73 48 390.3331910048132
73 72 285.79999999999995
73 74 46.27677603290879
74 73 46.27677603290879
74 99 425.0221758920351
75 76 165.58774109214718
75 100 122.16550249558993
76 51 216.27320684726527
76 75 165.58774109214718
76 77 977.9000000000001
77 76 977.9000000000001
77 78 241.63397939859362
77 102 190.50000000000003
78 53 179.6908456210276
78 77 241.63397939859362
78 79 101.60000000000014
79 78 101.60000000000014
79 80 863.5999999999999
79 104 737.2344267599009
80 55 340.77675977096783
80 79 863.5999999999999
80 81 88.90000000000009
81 80 88.90000000000009
81 82 114.29999999999973
81 106 103.37973689268136
82 57 614.4962245612253
82 81 114.29999999999973
82 83 63.5
83 82 63.5
83 84 977.9209426124382
83 108 108.5088475655329
84 59 376.10733840221735
84 83 977.9209426124382
84 85 248.32792835281347
85 84 248.32792835281347
85 86 222.29999999999995
85 110 674.4959599582488
86 61 296.2123562581413
86 85 222.29999999999995
86 87 590.4999999999998
87 86 590.4999999999998
87 88 17.96051224213821
87 112 327.2701789042196
88 63 1058.726144949675
88 87 17.96051224213821
88 89 69.80000000000018
89 88 69.80000000000018
89 90 387.39999999999986
89 114 779.7841367968443
90 65 376.10733840221735
90 89 387.39999999999986
90 91 495.29999999999995
91 90 495.29999999999995
91 92 349.35862662885535
91 116 235.69949087768518
92 67 537.516557884499
92 91 349.35862662885535
92 93 400.1495970259122
93 92 400.1495970259122
93 94 920.8
93 118 215.89999999999995
94 69 628.9554833213556
94 93 920.8
94 95 101.59999999999991
95 94 101.59999999999991
95 96 171.96959033503566
95 120 605.4850700058589
96 71 213.38983106043256
96 95 171.96959033503566
96 97 812.8
97 96 812.8
97 98 17.96051224213837
97 122 691.5380322151486
98 73 144.8022789875904
98 97 17.96051224213837
98 99 368.3000000000002
99 98 368.3000000000002
99 124 759.5320467235072
100 101 920.7875867973027
100 125 443.7243288349196
101 76 1034.3537547667142
101 100 920.7875867973027
101 102 203.2976389434959
102 101 203.2976389434959
102 103 165.0999999999999
102 127 1023.8989842753045
103 78 567.9612662849465
103 102 165.0999999999999
103 104 273.0
104 103 273.0
104 105 82.60000000000014
104 129 758.2635491700757
105 80 113.59225325698942
105 104 82.60000000000014
105 106 120.60000000000014
106 105 120.60000000000014
106 107 57.19999999999982
106 131 1050.4673864523356
107 82 127.0
107 106 57.19999999999982
107 108 177.80000000000018
108 107 177.80000000000018
108 109 86.32155003242234
108 133 463.5065048087242
109 84 1105.1002714686122
109 108 86.32155003242234
109 110 184.10000000000036
110 109 184.10000000000036
110 111 69.89999999999964
110 135 392.4710689974487
111 86 388.1336367799112
111 110 69.89999999999964
111 112 95.20000000000027
112 111 95.20000000000027
112 113 368.29999999999995
112 137 854.3051269891805
113 88 672.6009961336662
113 112 368.29999999999995
113 114 177.79999999999995
114 113 177.79999999999995
114 115 158.79999999999995
114 139 239.32415256300405
115 90 553.2887311341158
115 114 158.79999999999995
115 116 159.84523765192387
116 115 159.84523765192387
116 117 203.2976389434959
116 141 289.604557975181
117 92 769.6014617969486
117 116 203.2976389434959
117 118 552.4000000000001
118 117 552.4000000000001
118 119 95.29999999999995
118 143 576.5576207110611
119 94 643.0766361795459
119 118 95.29999999999995
119 120 139.70000000000005
120 119 139.70000000000005
120 121 190.5
120 145 702.644070636051
121 96 251.15974996006017
121 120 190.5
121 122 107.89999999999986
122 121 107.89999999999986
122 123 196.9000000000001
122 147 297.29937773227834
123 98 898.6365227387546
123 122 196.9000000000001
123 124 228.5999999999999
124 123 228.5999999999999
124 149 645.2049984307313
125 126 76.20000000000027
125 150 545.5089825108289
126 101 1436.235502972963
126 125 76.20000000000027
126 127 209.6976871593961
127 126 209.6976871593961
127 128 1301.7000000000003
127 152 194.34536269229545
128 103 448.16524854120496
128 127 1301.7000000000003
128 129 38.61735361207436
129 128 38.61735361207436
129 130 51.201562476158806
129 154 734.9559238484986
130 105 790.4965338317431
130 129 51.201562476158806
130 131 139.84198225139681
131 130 139.84198225139681
131 132 260.30000000000007
131 156 127.63342038823531
132 107 848.030423982536
132 131 260.30000000000007
132 133 1479.6
133 132 1479.6
133 134 444.5460718530758
133 158 722.450302789057
134 109 90.24344851566805
134 133 444.5460718530758
134 135 273.0726826322985
135 134 273.0726826322985
135 136 146.65094612718997
135 160 175.20699186961676
136 111 608.0931918711142
136 135 146.65094612718997
136 137 1549.3999999999999
137 136 1549.3999999999999
137 138 152.534324006107
137 162 122.65700143081922
138 113 640.3497169516045
138 137 152.534324006107
138 139 679.4292089688226
139 138 679.4292089688226
139 140 431.84742676088734
139 164 601.460505769082
140 115 107.9941202103153
140 139 431.84742676088734
140 141 387.30000000000007
141 140 387.30000000000007
141 142 241.3822280119231
141 166 1160.7260227978002
142 117 181.83632750360982
142 141 241.3822280119231
142 143 958.7999999999997
143 142 958.7999999999997
143 144 330.2000000000003
143 168 832.5348341060569
144 119 809.9922221848801
144 143 330.2000000000003
144 145 31.799999999999727
145 144 31.799999999999727
145 146 184.6372930910761
145 170 764.2950869919287
146 121 335.782146636774
146 145 184.6372930910761
146 147 495.46279375953145
147 146 495.46279375953145
147 148 69.79999999999995
147 172 540.6454383419876
148 123 555.4707643071774
148 147 69.79999999999995
148 149 140.27608491827803
149 148 140.27608491827803
149 174 896.3177394205695
150 151 127.63342038823554
150 175 458.9604993896536
151 126 499.03082069146785
151 150 127.63342038823554
151 152 425.39999999999964
152 151 425.39999999999964
152 153 501.64082768450965
152 177 724.6577192026589
153 128 960.9293678517688
153 152 501.64082768450965
153 154 266.7743990715749
154 153 266.7743990715749
154 155 603.333945671881
154 179 130.3276639858168
155 130 144.91735575837697
155 154 603.333945671881
155 156 196.9008125935492
156 155 196.9008125935492
156 157 488.9000000000001
156 181 323.5528086727112
157 132 272.6805640305153
157 156 488.9000000000001
157 158 527.0999999999999
158 157 527.0999999999999
158 159 787.3999999999999
158 183 912.3416081709747
159 134 534.4837228578621
159 158 787.3999999999999
159 160 127.6334203882353
160 159 127.6334203882353
160 161 996.9999999999998
160 185 1450.5268180905857
161 136 1028.7692890050712
161 160 996.9999999999998
161 162 571.5
162 161 571.5
162 163 133.4535499715164
162 187 269.10817527529707
163 138 117.08821460761962
163 162 133.4535499715164
163 164 114.4734903809612
164 163 114.4734903809612
164 165 317.5
164 189 1684.4244506655677
165 140 191.9891924041558
165 164 317.5
165 166 609.5999999999999
166 165 609.5999999999999
166 167 101.60000000000014
166 191 749.0868374227383
167 142 1021.0673631058825
167 166 101.60000000000014
167 168 882.7232012358121
168 167 882.7232012358121
168 169 374.7529586274137
168 193 1431.5630094410794
169 144 789.3196374093324
169 168 374.7529586274137
169 170 57.09999999999991
170 169 57.09999999999991
170 171 60.209799866798974
170 195 417.424304515202
171 146 640.0831586598728
171 170 60.209799866798974
171 172 393.90478544947894
172 171 393.90478544947894
172 173 1689.1000000000001
172 197 93.688900089605
173 148 1237.798893197114
173 172 1689.1000000000001
173 174 203.29763894349614
174 173 203.29763894349614
174 199 1419.7400360629406
175 176 209.60000000000036
175 200 530.5196037848176
176 151 148.2058365922203
176 175 209.60000000000036
176 177 399.9999999999998
177 176 399.9999999999998
177 178 616.0
177 202 1256.7097119064529
178 153 837.3294751768861
178 177 616.0
178 179 654.1313094478813
179 178 654.1313094478813
179 180 596.9332458491484
179 204 405.73774781254934
180 155 134.70386037526927
180 179 596.9332458491484
180 181 19.0
181 180 19.0
181 182 1517.6999999999998
181 206 199.40361079980477
182 157 1342.8459405307817
182 181 1517.6999999999998
182 183 95.20000000000027
183 182 95.20000000000027
183 184 1047.7195473980623
183 208 1025.136576266792
184 159 931.9852466643449
184 183 1047.7195473980623
184 185 647.7306384601548
185 184 647.7306384601548
185 186 50.799999999999955
185 210 296.03705849099373
186 161 409.75994191721577
186 185 50.799999999999955
186 187 82.5
187 186 82.5
187 188 971.6000000000001
187 212 1483.8905215682187
188 163 1361.4020199779345
188 187 971.6000000000001
188 189 438.0999999999999
189 188 438.0999999999999
189 190 1644.6490355087922
189 214 858.2009554876993
190 165 293.2022680676261
190 189 1644.6490355087922
190 191 146.14020665101032
191 190 146.14020665101032
191 192 1028.7
191 216 1546.2292359155547
192 167 207.30388322460328
192 191 1028.7
192 193 362.0
193 192 362.0
193 194 298.46649728235843
193 218 1448.5310662874995
194 169 1355.4185552809877
194 193 298.46649728235843
194 195 1701.812034274056
195 194 1701.812034274056
195 196 133.9036220570601
195 220 230.81291125064897
196 171 490.71984879358627
196 195 133.9036220570601
196 197 133.4487916768076
197 196 133.4487916768076
197 198 20.143733516903126
197 222 1540.6936749399604
198 173 1628.0290445812077
198 197 20.143733516903126
198 199 20.017242567346766
199 198 20.017242567346766
199 224 816.9565594326298
200 201 101.59999999999991
200 225 1425.691839073227
201 176 838.0812430784978
201 200 101.59999999999991
201 202 26.940861159213092
202 201 26.940861159213092
202 203 355.65580270818015
202 227 1199.706930879371
203 178 1516.6267470936941
203 202 355.65580270818015
203 204 1244.6
204 203 1244.6
204 205 1289.1625576318916
204 229 1589.7960403775069
205 180 1503.971728457686
205 204 1289.1625576318916
205 206 1600.5159418137641
206 205 1600.5159418137641
206 207 800.1248027651687
206 231 253.73549219610575
207 182 854.3051269891804
207 206 800.1248027651687
207 208 77.2510841347874
208 207 77.2510841347874
208 209 647.7316188051963
208 233 545.508982510829
209 184 634.9999999999999
209 208 647.7316188051963
209 210 279.4
210 209 279.4
210 211 1574.8126015497846
210 235 115.00339125434537
211 186 1294.9641423607065
211 210 1574.8126015497846
211 212 273.0
212 211 273.0
212 213 101.59999999999991
212 237 1940.8595750337015
213 188 628.8585532534322
213 212 101.59999999999991
213 214 1003.3204124306451
214 213 1003.3204124306451
214 215 285.76945253123193
214 239 790.2565153163877
215 190 550.2193471698356
215 214 285.76945253123193
215 216 1162.0
216 215 1162.0
216 217 1511.3533604025235
216 241 1085.5343108349916
217 192 1020.0508320667161
217 216 1511.3533604025235
217 218 70.9459653539227
218 217 70.9459653539227
218 219 730.1999999999998
218 243 931.3525755587943
219 194 1021.2253130431111
219 218 730.1999999999998
219 220 819.1984497055643
220 219 819.1984497055643
220 221 635.0
220 245 1671.7375511724322
221 196 673.3558494585162
221 220 635.0
221 222 1016.0
222 221 1016.0
222 223 578.0395315201202
222 247 969.285432677083
223 198 951.382346903704
223 222 578.0395315201202
223 224 127.0
224 223 127.0
224 249 273.1866028926016
225 226 501.86071772953085
225 250 522.0254495711872
226 201 1031.4401776157451
226 225 501.86071772953085
226 227 152.928251150662
227 226 152.928251150662
227 228 222.20000000000005
227 252 78.53305036734561
228 203 631.5616913651428
228 227 222.20000000000005
228 229 946.1999999999998
229 228 946.1999999999998
229 230 1949.5105052294537
229 254 1456.9148396526132
230 205 1664.990150121015
230 229 1949.5105052294537
230 231 158.82499803242555
231 230 158.82499803242555
231 232 749.3000000000001
231 256 1576.6424705683908
232 207 295.39446508017045
232 231 749.3000000000001
232 233 723.8999999999999
233 232 723.8999999999999
233 234 1206.5169746008548
233 258 549.1799796059579
234 209 117.08821460761988
234 233 1206.5169746008548
234 235 241.29999999999995
235 234 241.29999999999995
235 236 558.9442995505008
235 260 799.3889729036797
236 211 1010.5342052597726
236 235 558.9442995505008
236 237 660.4300492860692
237 236 660.4300492860692
237 238 196.79999999999995
237 262 219.34675744127154
238 213 1845.8741154260763
238 237 196.79999999999995
238 239 57.200000000000045
239 238 57.200000000000045
239 240 184.0999999999999
239 264 169.10996422446536
240 215 331.5266655941873
240 239 184.0999999999999
240 241 393.70000000000005
241 240 393.70000000000005
241 242 330.1999999999998
241 266 1311.5668873526809
242 217 768.7434942814149
242 241 330.1999999999998
242 243 95.30000000000018
243 242 95.30000000000018
243 244 330.1999999999998
243 268 279.5187292472546
244 219 534.5443106048365
244 243 330.1999999999998
244 245 323.8000000000002
245 244 323.8000000000002
245 246 323.9000000000001
245 270 826.1893306016484
246 221 1361.0347717821173
246 245 323.9000000000001
246 247 1308.161649032718
247 246 1308.161649032718
247 248 254.08061712771402
247 272 574.1607527513528
248 223 646.5975951084259
248 247 254.08061712771402
248 249 774.7
249 248 774.7
249 274 166.64756223839584
250 251 247.78266686755984
250 275 505.61314262981756
251 226 249.09387788542693
251 250 247.78266686755984
251 252 101.79513740842452
252 251 101.79513740842452
252 253 742.9275671288555
252 277 423.65779822871184
253 228 949.6988838574048
253 252 742.9275671288555
253 254 438.14529553562494
254 253 438.14529553562494
254 255 527.0999999999999
254 279 1508.4255235178168
255 230 1025.7231644064593
255 254 527.0999999999999
255 256 393.6999999999998
256 255 393.6999999999998
256 257 584.2000000000003
256 281 267.634676378081
257 232 1411.7579573000464
257 256 584.2000000000003
257 258 148.291503465303
258 257 148.291503465303
258 259 831.8000000000002
258 283 507.3549053670422
259 234 919.3423736563001
259 258 831.8000000000002
259 260 362.0
260 259 362.0
260 261 577.835443703482
260 285 925.0815369468793
261 236 354.23667229692626
261 260 577.835443703482
261 262 114.29999999999995
262 261 114.29999999999995
262 263 165.22015615535523
262 287 477.0872666504524
263 238 193.17209943467492
263 262 165.22015615535523
263 264 26.1938924178902
264 263 26.1938924178902
264 265 1574.7999999999997
264 289 239.01882771028747
265 240 1533.3643565702182
265 264 1574.7999999999997
265 266 171.4000000000001
266 265 171.4000000000001
266 267 444.5446434274065
266 291 709.6120700777288
267 242 542.9899814913716
267 266 444.5446434274065
267 268 698.5
268 267 698.5
268 269 1009.5999999999999
268 293 493.1787911092689
269 244 1603.4221527720015
269 268 1009.5999999999999
269 270 1104.9185354586102
270 269 1104.9185354586102
270 271 774.7256159441225
270 295 851.3651742936164
271 246 1921.1032715603812
271 270 774.7256159441225
271 272 1174.7
272 271 1174.7
272 273 565.1999999999998
272 297 606.5917984938471
273 248 1387.5696487023633
273 272 565.1999999999998
273 274 482.7670763422045
274 273 482.7670763422045
274 299 1065.3557199358345
275 276 381.0537494894913
275 300 394.3140372850046
276 251 167.6845848609824
276 275 381.0537494894913
276 277 381.0
277 276 381.0
277 278 425.4000000000001
277 302 525.4968125498006
278 253 1583.5973036097278
278 277 425.4000000000001
278 279 362.49827585796874
279 278 362.49827585796874
279 280 146.0999999999999
279 304 1003.5305127398967
280 255 837.9819807131895
280 279 146.0999999999999
280 281 190.5
281 280 190.5
281 282 171.4000000000001
281 306 272.68056403051514
282 257 518.0603825810269
282 281 171.4000000000001
282 283 139.70000000000027
283 282 139.70000000000027
283 284 330.1999999999998
283 308 964.6149542693186
284 259 76.19999999999982
284 283 330.1999999999998
284 285 558.944299550501
285 284 558.944299550501
285 286 209.60000000000036
285 310 762.2116372766819
286 261 1291.6374297766379
286 285 209.60000000000036
286 287 933.3999999999999
287 286 933.3999999999999
287 288 139.70000000000005
287 312 613.0299340162761
288 263 181.8363275036097
288 287 139.70000000000005
288 289 368.29999999999995
289 288 368.29999999999995
289 290 89.80256121069161
289 314 1473.4375894485656
290 265 1716.4837604824577
290 289 89.80256121069161
290 291 1181.1000000000001
291 290 1181.1000000000001
291 292 749.7303848717886
291 316 347.81523830907673
292 267 1014.6993249233981
292 291 749.7303848717886
292 293 171.5
293 292 171.5
293 294 267.00220972868374
293 318 772.5108413478739
294 269 801.8878849315533
294 293 267.00220972868374
294 295 1155.7
295 294 1155.7
295 296 88.90000000000009
295 320 934.9240076070356
296 271 1711.1189818361552
296 295 88.90000000000009
296 297 63.821704771966104
297 296 63.821704771966104
297 298 1847.8000000000002
297 322 1807.0185527547858
298 273 1819.308442788083
298 297 1847.8000000000002
298 299 273.0726826322985
299 298 273.0726826322985
299 324 130.89648581990275
300 301 831.8000000000002
300 325 330.2
301 276 837.2301236816556
301 300 831.8000000000002
301 302 64.75754782262833
302 301 64.75754782262833
302 303 1460.5000000000002
302 327 751.6414703833206
303 278 1375.8375521841233
303 302 1460.5000000000002
303 304 737.037800930183
304 303 737.037800930183
304 305 28.39806331424733
304 329 465.7628688506629
305 280 835.212098810835
305 304 28.39806331424733
305 306 876.2999999999997
306 305 876.2999999999997
306 307 1828.811198565888
306 331 116.74335098839703
307 282 1422.3694210717554
307 306 1828.811198565888
307 308 324.4567921927357
308 307 324.4567921927357
308 309 44.399999999999864
308 333 664.7816182777618
309 284 597.6572345416728
309 308 44.399999999999864
309 310 387.4000000000001
310 309 387.4000000000001
310 311 127.0
310 335 760.9110986179661
311 286 435.70331648955784
311 310 127.0
311 312 76.19999999999982
312 311 76.19999999999982
312 313 279.4000000000001
312 337 945.2759385491627
313 288 1025.5594034476987
313 312 279.4000000000001
313 314 82.5
314 313 82.5
314 315 19.09999999999991
314 339 193.85708653541647
315 290 1402.7608491827818
315 314 19.09999999999991
315 316 107.90000000000009
316 315 107.90000000000009
316 317 1428.7564453047971
316 341 1508.7703635742585
317 292 373.51820571425964
317 316 1428.7564453047971
317 318 946.1852355643687
318 317 946.1852355643687
318 319 641.4000000000001
318 343 628.6179284748409
319 294 1142.432221184259
319 318 641.4000000000001
319 320 908.1225523022761
320 319 908.1225523022761
320 321 298.39999999999986
320 345 736.3797118335078
321 296 1319.9302443689971
321 320 298.39999999999986
321 322 425.5
322 321 425.5
322 323 134.00317160425703
322 347 133.43451577459257
323 298 218.49906178288268
323 322 134.00317160425703
323 324 63.81175440308785
324 323 63.81175440308785
324 349 321.2874102731073
325 326 228.5999999999999
325 350 267.6346763780806
326 301 916.8385899382729
326 325 228.5999999999999
326 327 228.60000000000014
327 326 228.60000000000014
327 328 304.7999999999997
327 352 363.6800791904883
328 303 1028.7692890050712
328 327 304.7999999999997
328 329 171.4000000000001
329 328 171.4000000000001
329 330 254.08061712771402
329 354 244.41736844995296
330 305 690.75639700259
330 329 254.08061712771402
330 331 108.0
331 330 108.0
331 332 432.217815458826
331 356 158.72000504032238
332 307 1317.9428250117685
332 331 432.217815458826
332 333 330.2000000000003
333 332 330.2000000000003
333 334 762.0
333 358 135.00285182172973
334 309 164.68891887434333
334 333 762.0
334 335 222.66248000056044
335 334 222.66248000056044
335 336 1536.7133272019216
335 360 1678.433710338302
336 311 660.9070206920184
336 335 1536.7133272019216
336 337 362.054816291677
337 336 362.054816291677
337 338 533.4000000000001
337 362 552.3114791492206
338 313 162.6393556307943
338 337 533.4000000000001
338 339 209.5999999999999
339 338 209.5999999999999
339 340 1073.1
339 364 756.1567628474932
340 315 1261.3983708567248
340 339 1073.1
340 341 139.84652301719916
341 340 139.84652301719916
341 342 425.44664765396834
341 366 1217.5903457238808
342 317 363.6800791904883
342 341 425.44664765396834
342 343 1219.2000000000003
343 342 1219.2000000000003
343 344 203.59648818189402
343 368 502.0833596127241
344 319 244.41736844995296
344 343 203.59648818189402
344 345 1416.0
345 344 1416.0
345 346 178.25299436475134
345 370 406.5983890769859
346 321 275.96813221819656
346 345 178.25299436475134
346 347 228.95250599196345
347 346 228.95250599196345
347 348 488.9000000000001
347 372 155.02325631981807
348 323 317.30895039377646
348 347 488.9000000000001
348 349 69.89999999999986
349 348 69.89999999999986
349 374 643.0766361795459
350 351 254.00000000000023
350 375 844.3351230406088
351 326 291.2929110019674
351 350 254.00000000000023
351 352 304.7999999999997
352 351 304.7999999999997
352 353 146.0999999999999
352 377 533.0975332901099
353 328 215.89999999999995
353 352 146.0999999999999
353 354 203.20000000000027
354 353 203.20000000000027
354 355 107.90000000000009
354 379 499.03082069146785
355 330 121.94047728297609
355 354 107.90000000000009
355 356 158.79999999999973
356 355 158.79999999999973
356 357 895.4900613630506
356 381 281.33760857731045
357 332 348.141881996407
357 356 895.4900613630506
357 358 95.19999999999982
358 357 95.19999999999982
358 359 330.26201719241027
358 383 718.5117465984814
359 334 995.1735778244918
359 358 330.26201719241027
359 360 463.5
360 359 463.5
360 361 1689.1117488194793
360 385 679.895418428452
361 336 1551.594860135854
361 360 1689.1117488194793
361 362 1365.3150002838174
362 361 1365.3150002838174
362 363 115.86841674934564
362 387 758.943245572421
363 338 162.6393556307946
363 362 115.86841674934564
363 364 831.8999999999999
364 363 831.8999999999999
364 365 349.530799787372
364 389 210.27451105638085
365 340 682.735746830353
365 364 349.530799787372
365 366 400.0
366 365 400.0
366 367 228.95250599196322
366 391 1103.1884743777919
367 342 1022.4091597789997
367 366 228.95250599196322
367 368 285.6999999999998
368 367 285.6999999999998
368 369 400.10000000000014
368 393 605.4850700058591
369 344 693.285078448974
369 368 400.10000000000014
369 370 336.5
370 369 336.5
370 371 558.8366487624089
370 395 643.0766361795461
371 346 355.89675469158186
371 370 558.8366487624089
371 372 241.382228011923
372 371 241.382228011923
372 373 838.29620660003
372 397 323.55280867271125
373 348 487.01565683250874
373 372 838.29620660003
373 374 228.5999999999999
374 373 228.5999999999999
374 399 1355.518339971835
375 376 438.2840403208859
375 400 1324.7019287371782
376 351 185.49851751429176
376 375 438.2840403208859
376 377 362.0
377 376 362.0
377 378 216.27320684726539
377 402 287.2051879754262
378 353 468.444030808377
378 377 216.27320684726539
378 379 171.5
379 378 171.5
379 380 425.39999999999964
379 404 907.4058904371298
380 355 208.2954872290807
380 379 425.39999999999964
380 381 76.46829408323454
381 380 76.46829408323454
381 382 260.3762277935528
381 406 610.6662590973897
382 357 407.68585945553724
382 381 260.3762277935528
382 383 222.56264286712658
383 382 222.56264286712658
383 384 431.8000000000002
383 408 425.9709497137098
384 359 145.05423123783748
384 383 431.8000000000002
384 385 146.0
385 384 146.0
385 386 260.4000000000001
385 410 105.71210905095025
386 361 772.5108413478739
386 385 260.4000000000001
386 387 146.0
387 386 146.0
387 388 215.89999999999986
387 412 530.519603784818
388 363 856.9442047181367
388 387 215.89999999999986
388 389 165.10000000000014
389 388 165.10000000000014
389 390 336.5999999999999
389 414 668.1696790486681
390 365 874.530279635874
390 389 336.5999999999999
390 391 171.96959033503566
391 390 171.96959033503566
391 392 1225.5167114323656
391 416 193.17209943467512
392 367 139.300574298888
392 391 1225.5167114323656
392 393 412.84807132890927
393 392 412.84807132890927
393 394 609.6000000000004
393 418 163.94404533254624
394 369 400.50133582798446
394 393 609.6000000000004
394 395 88.89999999999964
395 394 88.89999999999964
395 396 25.40000000000009
395 420 1049.1153225456198
396 371 1172.271982092893
396 395 25.40000000000009
396 397 616.0
397 396 616.0
397 398 222.56264286712633
397 422 127.0
398 373 754.5552994976576
398 397 222.56264286712633
398 399 374.70000000000005
399 398 374.70000000000005
399 424 1199.2593255839208
400 401 622.3
400 425 812.8744121941592
401 376 275.1569915520956
401 400 622.3
401 402 171.5
402 401 171.5
402 403 88.90000000000009
402 427 1046.3443601415358
403 378 164.77757735808578
403 402 88.90000000000009
403 404 876.6680386554539
404 403 876.6680386554539
404 405 635.0
404 429 1045.1876243048423
405 380 699.5176695409486
405 404 635.0
405 406 165.0999999999999
406 405 165.0999999999999
406 407 88.90000000000009
406 431 158.78000503841795
407 382 269.10817527529707
407 406 88.90000000000009
407 408 895.3000000000002
408 407 895.3000000000002
408 409 2057.409954287186
408 433 876.5785817597873
409 384 1209.3241955737096
409 408 2057.409954287186
409 410 1003.3197795319298
410 409 1003.3197795319298
410 411 412.7999999999997
410 435 425.0221758920353
411 386 622.3818843764655
411 410 412.7999999999997
411 412 241.63397939859343
412 411 241.63397939859343
412 413 88.90000000000009
412 437 1134.8571055423677
413 388 655.6202025563276
413 412 88.90000000000009
413 414 152.4000000000001
414 413 152.4000000000001
414 415 660.4000000000001
414 439 727.3453100144388
415 390 351.5993742884079
415 414 660.4000000000001
415 416 336.5999999999999
416 415 336.5999999999999
416 417 1460.5552163475368
416 441 2000.310238438028
417 392 114.43465384226914
417 416 1460.5552163475368
417 418 215.99483790127957
418 417 215.99483790127957
418 419 590.5336061563304
418 443 2184.3858290146454
419 394 152.92825115066188
419 418 590.5336061563304
419 420 1016.3174504061219
420 419 1016.3174504061219
420 421 266.6999999999998
420 445 2034.4184058349454
421 396 759.9865064591609
421 420 266.6999999999998
421 422 133.30000000000018
422 421 133.30000000000018
422 423 501.6999999999998
422 447 2026.5696977898392
423 398 732.8681327496781
423 422 501.6999999999998
423 424 95.20000000000027
424 423 95.20000000000027
424 449 1999.8822690348552
425 426 927.1000000000004
425 450 1999.8933821581593
426 401 1115.9346979102318
426 425 927.1000000000004
426 427 101.59999999999991
427 426 101.59999999999991
427 428 609.7322773152164
427 452 2326.2850384249996
428 403 361.4483365572459
428 427 609.7322773152164
428 429 177.80000000000018
429 428 177.80000000000018
429 430 743.0
429 454 2001.2086597853806
430 405 348.1418819964067
430 429 743.0
430 431 374.75465307318046
431 430 374.75465307318046
431 432 101.79513740842427
431 456 1976.5133670177897
432 407 333.35988060952985
432 431 101.79513740842427
432 433 342.95972066701955
433 432 342.95972066701955
433 434 101.59999999999991
433 458 1975.3705905475053
434 409 1293.0975871913147
434 433 101.59999999999991
434 435 698.5284103026877
435 434 698.5284103026877
435 436 146.2401107767632
435 460 1974.6787713448484
436 411 977.5840424229519
436 435 146.2401107767632
436 437 400.04960942363135
437 436 400.04960942363135
437 438 102.39067340339152
437 462 2057.2432039017654
438 413 1148.7007834941178
438 437 102.39067340339152
438 439 281.9857620519162
439 438 281.9857620519162
439 440 2035.6875914540524
439 464 2053.3586851789923
440 415 1877.0668741416755
440 439 2035.6875914540524
440 441 49.56309110618501
441 440 49.56309110618501
441 442 102.3906734033917
441 466 215.90000000000006
442 417 2032.7493942933543
442 441 102.3906734033917
442 443 115.00339125434537
443 442 115.00339125434537
443 444 133.55343499887962
443 468 264.26988099289713
444 419 2023.632538283569
444 443 133.55343499887962
444 445 38.61735361207436
445 444 38.61735361207436
445 446 122.20188214589828
445 470 536.8123042554072
446 421 2023.1701905672692
446 445 122.20188214589828
446 447 45.790501198392576
447 446 45.790501198392576
447 448 254.0
447 472 750.5737072400018
448 423 2020.7372243812406
448 447 254.0
448 449 59.93229513375919
449 448 59.93229513375919
449 474 622.818151630153
450 451 76.19999999999982
450 475 416.7304284546543
451 426 2258.741793565613
451 450 76.19999999999982
451 452 44.84473213210231
452 451 44.84473213210231
452 453 52.36344144534401
452 477 522.4440352803355
453 428 2088.368166775198
453 452 52.36344144534401
453 454 90.9286533497556
454 453 90.9286533497556
454 455 107.89999999999964
454 479 445.79170023678097
455 430 2014.6633093398011
455 454 107.89999999999964
455 456 95.30000000000018
456 455 95.30000000000018
456 457 28.398063314247125
456 481 423.5273780996926
457 432 1971.1627964224567
457 456 28.398063314247125
457 458 305.06446859639334
458 457 305.06446859639334
458 459 254.07811790864636
458 483 453.66865662066607
459 434 1947.43022468072
459 458 254.07811790864636
459 460 54.27200014740588
460 459 54.27200014740588
460 461 76.45998953701192
460 485 426.73835074902735
461 436 1991.6747149070304
461 460 76.45998953701192
461 462 203.20000000000005
462 461 203.20000000000005
462 463 22.93686988235331
462 487 704.3635708921918
463 438 2087.200002395554
463 462 22.93686988235331
463 464 69.90000000000009
464 463 69.90000000000009
464 465 154.50216826957484
464 489 730.050409218432
465 440 398.7880890899326
465 464 154.50216826957484
465 466 165.22399946738986
466 465 165.22399946738986
466 467 235.66715935827787
466 491 535.3716559550012
467 442 350.1647183826489
467 466 235.66715935827787
467 468 222.29215010881495
468 467 222.29215010881495
468 469 104.72688289068851
468 493 678.6998231913722
469 444 308.6825715844677
469 468 104.72688289068851
469 470 272.74401918282257
470 469 272.74401918282257
470 471 174.72793136759782
470 495 597.0350910959925
471 446 613.2207595964114
471 470 174.72793136759782
471 472 97.07749481728528
472 471 97.07749481728528
472 473 353.78106224047656
472 497 178.82295713917713
473 448 275.6458053372117
473 472 353.78106224047656
473 474 299.1104478282228
474 473 299.1104478282228
474 499 530.8118781640064
475 476 114.51785886926105
475 500 585.991817349014
476 451 428.14223104010654
476 475 114.51785886926105
476 477 57.100000000000364
477 476 57.100000000000364
477 478 57.09999999999991
477 502 437.36451616472027
478 453 584.3252604500341
478 477 57.09999999999991
478 479 68.39159305060824
479 478 68.39159305060824
479 480 134.57061343398863
479 504 399.66171945784345
480 455 467.06102385020336
480 479 134.57061343398863
480 481 31.699999999999818
481 480 31.699999999999818
481 482 158.82899609328248
481 506 281.19254968793166
482 457 321.2874102731074
482 481 158.82899609328248
482 483 78.53305036734561
483 482 78.53305036734561
483 484 279.4000000000001
483 508 557.6442593625438
484 459 468.3528584304786
484 483 279.4000000000001
484 485 95.5146585608724
485 484 95.5146585608724
485 486 36.95794907729579
485 510 507.59765562894404
486 461 468.3528584304786
486 485 36.95794907729579
486 487 76.19999999999982
487 486 76.19999999999982
487 488 22.853664913969514
487 512 279.4710181754095
488 463 738.8955609556739
488 487 22.853664913969514
488 489 57.556928340557135
489 488 57.556928340557135
489 490 127.15616383015022
489 514 124.79334918175705
490 465 480.0868775544694
490 489 127.15616383015022
490 491 102.39067340339146
491 490 102.39067340339146
491 492 242.6331593166933
491 516 443.59192959295336
492 467 544.25531692396
492 491 242.6331593166933
492 493 71.04435234415199
493 492 71.04435234415199
493 494 158.69999999999982
493 518 325.27871126158885
494 469 616.3194788419395
494 493 158.69999999999982
494 495 267.0022097286835
495 494 267.0022097286835
495 496 197.30914829272322
495 520 445.6360510551183
496 471 269.486641598429
496 495 197.30914829272322
496 497 69.80000000000018
497 496 69.80000000000018
497 498 92.4573955938627
497 522 673.4484984020676
498 473 582.8726790646479
498 497 92.4573955938627
498 499 127.63342038823531
499 498 127.63342038823531
499 524 610.5360022144476
500 501 28.39806331424733
500 525 570.3699939512948
501 476 471.43970982512707
501 500 28.39806331424733
501 502 44.5
502 501 44.5
502 503 37.095147930692875
502 527 615.1706429926577
503 478 409.7246880528436
503 502 37.095147930692875
503 504 78.53305036734517
504 503 78.53305036734517
504 505 139.69999999999982
504 529 747.0364114285194
505 480 261.81720722672145
505 504 139.69999999999982
505 506 68.39159305060815
506 505 68.39159305060815
506 507 177.79999999999973
506 531 850.6016282608443
507 482 409.1846038159303
507 506 177.79999999999973
507 508 104.72688289068851
508 507 104.72688289068851
508 509 50.80000000000018
508 533 720.7739520820658
509 484 377.5981461818901
509 508 50.80000000000018
509 510 95.29999999999995
510 509 95.29999999999995
510 511 101.59999999999991
510 535 841.4386311549999
511 486 595.7459609598708
511 510 101.59999999999991
511 512 377.59814618188994
512 511 377.59814618188994
512 513 20.143733516903126
512 537 577.2565634100664
513 488 256.8416048851899
513 512 20.143733516903126
513 514 181.8363275036095
514 513 181.8363275036095
514 515 38.100000000000136
514 539 590.3792763978087
515 490 229.0058951206278
515 514 38.100000000000136
515 516 146.0999999999999
516 515 146.0999999999999
516 517 31.780025173054685
516 541 462.2869779693129
517 492 271.245202722555
517 516 31.780025173054685
517 518 17.96051224213821
518 517 17.96051224213821
518 519 170.86102539783624
518 543 517.1255360161593
519 494 454.38613535186124
519 518 170.86102539783624
519 520 52.3634414453442
520 519 52.3634414453442
520 521 66.2815962390768
520 545 872.4462390313798
521 496 528.2276024593942
521 520 66.2815962390768
521 522 177.79999999999973
522 521 177.79999999999973
522 523 95.30000000000018
522 547 643.325671802393
523 498 696.0641637090648
523 522 95.30000000000018
523 524 88.50988645343519
524 523 88.50988645343519
524 549 594.4014215999151
525 526 50.79999999999973
525 550 652.9067697611965
526 501 578.3731148661735
526 525 50.79999999999973
526 527 63.500000000000156
527 526 63.500000000000156
527 528 593.1255684928782
527 552 949.3919317120827
528 503 217.16834483874487
528 527 593.1255684928782
528 529 553.0468063374022
529 528 553.0468063374022
529 530 76.45998953701238
529 554 596.5735830557703
530 505 790.351124501003
530 529 76.45998953701238
530 531 127.0
531 530 127.0
531 532 50.80000000000018
531 556 584.7519132076441
532 507 773.121549305153
532 531 50.80000000000018
532 533 155.68236894394954
533 532 155.68236894394954
533 534 254.0
533 558 716.734713823741
534 509 795.6527194699959
534 533 254.0
534 535 45.790501198392576
535 534 45.790501198392576
535 536 108.08963872638311
535 560 700.9323576494382
536 511 838.2032211820712
536 535 108.08963872638311
536 537 49.56309110618533
537 536 49.56309110618533
537 538 76.42676232838835
537 562 695.8299001911314
538 513 495.38108563004323
538 537 76.42676232838835
538 539 26.1938924178902
539 538 26.1938924178902
539 540 17.96051224213805
539 564 628.0289881844627
540 515 588.3267289525438
540 539 17.96051224213805
540 541 22.936869882353122
541 540 22.936869882353122
541 542 152.53432400610697
541 566 546.1363382892591
542 517 460.01356501738104
542 541 152.53432400610697
542 543 152.39999999999986
543 542 152.39999999999986
543 544 171.02540746918254
543 568 507.9178083115416
544 519 793.7968001951128
544 543 171.02540746918254
544 545 49.627109526951145
545 544 49.627109526951145
545 546 22.85366491396939
545 570 488.5787551664521
546 521 821.5532605984836
546 545 22.85366491396939
546 547 62.58594091327518
547 546 62.58594091327518
547 548 17.960512242138535
547 572 560.3062109239909
548 523 576.4171839909008
548 547 17.960512242138535
548 549 101.80137523629031
549 548 101.80137523629031
549 574 579.1951398276749
550 551 70.0927956355004
