1000
0 1 709144.1754114603
0 31 146281.09778436858
1 0 709144.1754114603
1 2 43776.68791720086
2 1 43776.68791720086
2 3 69452.90284070205
2 33 445146.3254706254
3 2 69452.90284070205
3 4 452746.6685907252
4 3 452746.6685907252
4 5 27318.138333349147
4 35 188943.24983444103
5 4 27318.138333349147
5 6 494936.82393311575
6 5 494936.82393311575
6 7 503436.8349584683
6 37 372882.9082835522
7 6 503436.8349584683
7 8 1068381.7700822118
8 7 1068381.7700822118
8 9 767798.4390873688
8 39 844725.9174412728
9 8 767798.4390873688
9 10 536981.180702825
10 9 536981.180702825
10 11 278720.0795009215
10 41 753557.061250175
11 10 278720.0795009215
11 12 699583.5686185032
12 11 699583.5686185032
12 13 282559.7626432327
12 43 1005642.497417447
13 12 282559.7626432327
13 14 308492.71506795747
14 13 308492.71506795747
14 15 946956.1551349672
14 45 967947.1831313937
15 14 946956.1551349672
15 16 780793.7183981439
16 15 780793.7183981439
16 17 718275.0102070933
16 47 390203.62362489663
17 16 718275.0102070933
17 18 501993.32956723636
18 17 501993.32956723636
18 19 344568.81629363965
18 49 267989.9195716137
19 18 344568.81629363965
19 20 580944.6592275378
20 19 580944.6592275378
20 21 945546.6070205106
20 51 205169.18393365023
21 20 945546.6070205106
21 22 689993.9638750473
22 21 689993.9638750473
22 23 201819.73728057422
22 53 397010.54777423735
23 22 201819.73728057422
23 24 294363.32617022796
24 23 294363.32617022796
24 25 1010603.267934554
24 55 1214214.2018935538
25 24 1010603.267934554
25 26 59261.03148781668
26 25 59261.03148781668
26 27 619924.7354421341
26 57 942122.321313427
27 26 619924.7354421341
27 28 426629.55829149956
28 27 426629.55829149956
28 29 631420.5437028479
28 59 1048887.8300647787
29 28 631420.5437028479
29 30 434033.8388674321
30 29 434033.8388674321
30 61 275837.9622840192
31 32 729276.2412097353
31 62 681646.0690747069
32 1 818003.0756910392
32 31 729276.2412097353
32 33 591943.8853548536
33 32 591943.8853548536
33 34 364849.51967215195
33 64 397151.55994783656
34 3 258544.0057282319
34 33 364849.51967215195
34 35 117191.61725993887
35 34 117191.61725993887
35 36 934698.228976604
35 66 173956.24954855748
36 5 808022.3286048474
36 35 934698.228976604
36 37 91484.17607980082
37 36 91484.17607980082
37 38 350676.8251396148
37 68 144819.2929308799
38 7 481534.6503139727
38 37 350676.8251396148
38 39 922878.4501937403
39 38 922878.4501937403
39 40 555155.5483790106
39 70 226563.86316003706
40 9 497178.88301294536
40 39 555155.5483790106
40 41 500102.0317225276
41 40 500102.0317225276
41 42 207310.11623410953
41 72 731020.8426091557
42 11 624999.2401483381
42 41 207310.11623410953
42 43 116342.49600640344
43 42 116342.49600640344
43 44 157154.02206116138
43 74 863926.3775692927
44 13 734526.8522831551
44 43 157154.02206116138
44 45 741767.471430906
45 44 741767.471430906
45 46 672058.5503161164
45 76 888622.8762045236
46 15 300561.2755512593
46 45 672058.5503161164
46 47 584381.2613020715
47 46 584381.2613020715
47 48 822802.3453035364
47 78 751005.3208073828
48 17 50188.25644510875
48 47 822802.3453035364
48 49 431378.42020319006
49 48 431378.42020319006
49 50 263908.19310699694
49 80 766091.6251467575
50 19 363304.21086604544
50 49 263908.19310699694
50 51 336274.05952883133
51 50 336274.05952883133
51 52 983009.0142465633
51 82 358224.97454672254
52 21 703167.613624234
52 51 983009.0142465633
52 53 285334.07914583216
53 52 285334.07914583216
53 54 40503.84408917258
53 84 660221.1635520328
54 23 285614.6210578163
54 53 40503.84408917258
54 55 950487.4389596109
55 54 950487.4389596109
55 56 1125296.6975247017
55 86 791805.4178672939
56 25 853787.9718079893
56 55 1125296.6975247017
56 57 685644.3433749016
57 56 685644.3433749016
57 58 213911.9340710097
57 88 275933.42732079414
58 27 223205.0980824587
58 57 213911.9340710097
58 59 777154.4253055502
59 58 777154.4253055502
59 60 943447.3540468487
59 90 30370.148583765604
60 29 858502.7025571906
60 59 943447.3540468487
60 61 480986.7252565293
61 60 480986.7252565293
61 92 781239.462191331
62 63 804772.6748448906
62 93 889797.7772112043
63 32 850067.937029153
63 62 804772.6748448906
63 64 559847.3549147125
64 63 559847.3549147125
64 65 486349.21392143733
64 95 472205.83395909035
65 34 639457.5541769759
65 64 486349.21392143733
65 66 580554.5276207912
66 65 580554.5276207912
66 67 241154.6874124573
66 97 833589.5105656021
67 36 1006183.6703306211
67 66 241154.6874124573
67 68 817089.9302096434
68 67 817089.9302096434
68 69 668481.359684023
68 99 605183.2198235507
69 38 623280.0089462199
69 68 668481.359684023
69 70 451840.522841854
70 69 451840.522841854
70 71 333144.2399697164
70 101 306009.21453446464
71 40 327848.48057143716
71 70 333144.2399697164
71 72 571848.6693251983
72 71 571848.6693251983
72 73 1040388.997706627
72 103 919416.5510909623
73 42 478039.13109807234
73 72 1040388.997706627
73 74 671766.2081557839
74 73 671766.2081557839
74 75 795194.0785625859
74 105 942761.118758087
75 44 130638.3647363974
75 74 795194.0785625859
75 76 88219.52782689329
76 75 88219.52782689329
76 77 911186.1566332096
76 107 878515.0224765653
77 46 713217.3940370495
77 76 911186.1566332096
77 78 542435.571758527
78 77 542435.571758527
78 79 514509.97173038346
78 109 269558.9954740891
79 48 351530.2638152226
79 78 514509.97173038346
79 80 706043.4916327747
80 79 706043.4916327747
80 81 128233.67111644274
80 111 672158.9357287457
81 50 598137.0371052105
81 80 128233.67111644274
81 82 648141.0492431412
82 81 648141.0492431412
82 83 287457.6444104418
82 113 45709.36771603825
83 52 357501.8600748813
83 82 287457.6444104418
83 84 582932.3729876392
84 83 582932.3729876392
84 85 735336.2713786121
84 115 633119.9797068483
85 54 165985.3714909841
85 84 735336.2713786121
85 86 444598.0894976945
86 85 444598.0894976945
86 87 476132.7404422006
86 117 110924.61336421236
87 56 892790.1820231896
87 86 476132.7404422006
87 88 86192.512957913
88 87 86192.512957913
88 89 195867.5133987257
88 119 588449.958390686
89 58 155433.22427975302
89 88 195867.5133987257
89 90 709484.7725899408
90 89 709484.7725899408
90 91 881333.6770355483
90 121 835435.5704301798
91 60 73352.05654922021
91 90 881333.6770355483
91 92 942684.0133035035
92 91 942684.0133035035
92 123 716043.1936706053
93 94 1165037.330753397
93 124 534768.2837051951
94 63 1062933.1019523288
94 93 1165037.330753397
94 95 1248946.3721529439
95 94 1248946.3721529439
95 96 735213.2313478859
95 126 443687.47359036404
96 65 699679.9622341632
96 95 735213.2313478859
96 97 188723.16581702416
97 96 188723.16581702416
97 98 487533.59889242507
97 128 698615.0138123286
98 67 618932.1289971947
98 97 487533.59889242507
98 99 586122.1362693956
99 98 586122.1362693956
99 100 785754.0700632737
99 130 761732.712896722
100 69 854039.0387669641
100 99 785754.0700632737
100 101 738485.691021837
101 100 738485.691021837
101 102 540421.8415765595
101 132 308141.6597930244
102 71 521965.49624855473
102 101 540421.8415765595
102 103 725912.0180138913
103 102 725912.0180138913
103 104 910250.4159098199
103 134 959294.2418137409
104 73 958657.8307952217
104 103 910250.4159098199
104 105 925744.4171092797
105 104 925744.4171092797
105 106 434049.67698179436
105 136 466920.12481472676
106 75 506822.09198593546
106 105 434049.67698179436
106 107 772436.6469413528
107 106 772436.6469413528
107 108 806771.8600992477
107 138 1034125.3805477361
108 77 437397.41943111643
108 107 806771.8600992477
108 109 196972.95912129665
109 108 196972.95912129665
109 110 411316.2293965557
109 140 599964.4517502682
110 79 380561.3156719952
110 109 411316.2293965557
110 111 431150.4525441206
111 110 431150.4525441206
111 112 639234.5828074386
111 142 136662.10513891553
112 81 146082.89251312078
112 111 639234.5828074386
112 113 541549.0270714185
113 112 541549.0270714185
113 114 88668.74383343884
113 144 126835.41928420468
114 83 326057.5846227166
114 113 88668.74383343884
114 115 365531.2215187644
115 114 365531.2215187644
115 116 716398.4287824758
115 146 817350.3851721121
116 85 889308.3846118848
116 115 716398.4287824758
116 117 590940.6985138187
117 116 590940.6985138187
117 118 151127.99958313484
117 148 190667.80924424552
118 87 368267.1253112338
118 117 151127.99958313484
118 119 346747.1650943955
119 118 346747.1650943955
119 120 445146.40440196753
119 150 450545.17023046647
120 89 262051.86703589806
120 119 445146.40440196753
120 121 558919.76244538
121 120 558919.76244538
121 122 849806.7012780024
121 152 399013.80400181643
122 91 950227.2154227115
122 121 849806.7012780024
122 123 695856.2122407185
123 122 695856.2122407185
123 154 378189.81147698837
124 125 839392.967816624
124 155 889313.1896581766
125 94 935947.1466327573
125 124 839392.967816624
125 126 160716.34609149126
126 125 160716.34609149126
126 127 805234.2341735106
126 157 295683.90973132104
127 96 966819.669403245
127 126 805234.2341735106
127 128 205120.55109374097
128 127 205120.55109374097
128 129 613938.5035815884
128 159 26098.484132225
129 98 136061.27064304522
129 128 613938.5035815884
129 130 763716.1537698414
130 129 763716.1537698414
130 131 284703.3113997798
130 161 698210.573638068
131 100 288182.7946911474
131 130 284703.3113997798
131 132 1015496.1429941524
132 131 1015496.1429941524
132 133 452208.7465982939
132 163 569347.6977603405
133 102 496916.77657028247
133 132 452208.7465982939
133 134 531668.9001107739
134 133 531668.9001107739
134 135 930593.9785674524
134 165 303752.17093215976
135 104 1047539.8918270369
135 134 930593.9785674524
135 136 599163.1963772475
136 135 599163.1963772475
136 137 319641.0995679373
136 167 367002.63628480927
137 106 362290.7709589081
137 136 319641.0995679373
137 138 220901.76802597122
138 137 220901.76802597122
138 139 38918.49021994558
138 169 345449.69744522864
139 108 423873.6582945442
139 138 38918.49021994558
139 140 300739.449259654
140 139 300739.449259654
140 141 367633.3823593826
140 171 377195.77317488595
141 110 197976.89673797798
141 140 367633.3823593826
141 142 743834.6664427519
142 141 743834.6664427519
142 143 1034264.1801517637
142 173 808997.2694175178
143 112 815301.0019771839
143 142 1034264.1801517637
143 144 548184.9355190272
144 143 548184.9355190272
144 145 718589.8106444315
144 175 581851.5932993568
145 114 520308.134091713
145 144 718589.8106444315
145 146 377455.2419559172
146 145 377455.2419559172
146 147 1061175.359461385
146 177 969363.1885774289
147 116 783446.0528389942
147 146 1061175.359461385
147 148 395279.19418684306
148 147 395279.19418684306
148 149 252640.97746011039
148 179 198697.54314032168
149 118 575393.7017972998
149 148 252640.97746011039
149 150 707957.9497971613
150 149 707957.9497971613
150 151 628667.6065457803
150 181 758544.5566926177
151 120 622733.2900126666
151 150 628667.6065457803
151 152 278610.8603231396
152 151 278610.8603231396
152 153 172884.6152929751
152 183 575235.0908428658
153 122 775522.3794578722
153 152 172884.6152929751
153 154 389029.8047258076
154 153 389029.8047258076
154 185 129092.54932024544
155 156 852072.453286104
155 186 243471.7013905312
156 125 818834.3813891794
156 155 852072.453286104
156 157 465147.7211596333
157 156 465147.7211596333
157 158 426492.4363983493
157 188 683669.1146695161
158 127 874095.760440468
158 157 426492.4363983493
158 159 665678.7318556902
159 158 665678.7318556902
159 160 197192.9280298865
159 190 326828.6322723271
160 129 698291.936863802
160 159 197192.9280298865
160 161 642208.9702596811
161 160 642208.9702596811
161 162 72841.39499625195
161 192 579063.04755959
162 131 912699.2907661318
162 161 72841.39499625195
162 163 382086.57435717364
163 162 382086.57435717364
163 164 484267.2502534112
163 194 515535.910570738
164 133 339821.7482401619
164 163 484267.2502534112
164 165 91149.06922179733
165 164 91149.06922179733
165 166 182277.31679504173
165 196 157455.24945520234
166 135 774655.0537742589
166 165 182277.31679504173
166 167 596826.2693992282
167 166 596826.2693992282
167 168 674967.9551363902
167 198 653271.609174928
168 137 515043.9088019584
168 167 674967.9551363902
168 169 486330.08175929234
169 168 486330.08175929234
169 170 535123.6097996425
169 200 659249.5051571901
170 139 637269.614719704
170 169 535123.6097996425
170 171 720243.2580017671
171 170 720243.2580017671
171 172 551143.6840579777
171 202 860759.2875885802
172 141 279018.48402032437
172 171 551143.6840579777
172 173 249750.4963678751
173 172 249750.4963678751
173 174 595507.4933844241
173 204 721258.6809016581
174 143 777436.0447168628
174 173 595507.4933844241
174 175 658558.6287415874
175 174 658558.6287415874
175 176 894951.4784327695
175 206 672562.6663538499
176 145 46926.94552173623
176 175 894951.4784327695
176 177 584865.4889502372
177 176 584865.4889502372
177 178 575763.4368453766
177 208 560311.8214655122
178 147 189964.3265694904
178 177 575763.4368453766
178 179 375330.3557267917
179 178 375330.3557267917
179 180 740506.8964715993
179 210 774450.6536958956
180 149 841193.755459466
180 179 740506.8964715993
180 181 890845.4884462288
181 180 890845.4884462288
181 182 449747.76471373375
181 212 269354.4712864444
182 151 317383.77728705667
182 181 449747.76471373375
182 183 33309.69696649911
183 182 33309.69696649911
183 184 495824.00780922256
183 214 944579.3631251955
184 153 1115913.4368946366
184 183 495824.00780922256
184 185 609001.7825926292
185 184 609001.7825926292
185 216 111310.28190603059
186 187 733539.2658065415
186 217 473503.8277627753
187 156 81124.96499228828
187 186 733539.2658065415
187 188 552952.0926029668
188 187 552952.0926029668
188 189 959680.779191185
188 219 642415.5652885444
189 158 637013.9457602164
189 188 959680.779191185
189 190 1014441.5135358963
190 189 1014441.5135358963
190 191 1124149.8231628202
190 221 310957.5958390468
191 160 822417.8279980316
191 190 1124149.8231628202
191 192 132474.78724647948
192 191 132474.78724647948
192 193 938313.6490374634
192 223 930996.710087098
193 162 658168.7835274475
193 192 938313.6490374634
193 194 617322.0552823299
194 193 617322.0552823299
194 195 605374.097346426
194 225 344073.63327200763
195 164 630830.5250778532
195 194 605374.097346426
195 196 415330.8269524428
196 195 415330.8269524428
196 197 697350.5706092166
196 227 560854.9778775258
197 166 775046.8223133361
197 196 697350.5706092166
197 198 924557.1387064187
198 197 924557.1387064187
198 199 54917.78040853436
198 229 1074027.1139989903
199 168 516395.3169810896
199 198 54917.78040853436
199 200 930643.045560434
200 199 930643.045560434
200 201 998749.942999748
200 231 294809.3176071611
201 170 816363.5830222953
201 200 998749.942999748
201 202 777381.5443860241
202 201 777381.5443860241
202 203 420041.749096444
202 233 699872.0358379809
203 172 535629.4398938505
203 202 420041.749096444
203 204 427688.22092851705
204 203 427688.22092851705
204 205 596073.3811008506
204 235 81880.97812068442
205 174 474976.8010187445
205 204 596073.3811008506
205 206 795523.0706931133
206 205 795523.0706931133
206 207 238633.5032848489
206 237 329663.0874589996
207 176 969746.0022799785
207 206 238633.5032848489
207 208 350872.22545108927
208 207 350872.22545108927
208 209 341591.60128580447
208 239 371230.1409382056
209 178 413166.26428231044
209 208 341591.60128580447
209 210 768132.1503654172
210 209 768132.1503654172
210 211 602988.2118930684
210 241 214849.14954683903
211 180 647124.0935910206
211 210 602988.2118930684
211 212 752732.19795954
212 211 752732.19795954
212 213 663221.1143562907
212 243 411787.18739174
213 182 689756.8476622759
213 212 663221.1143562907
213 214 381471.063852817
214 213 381471.063852817
214 215 236747.96496907846
214 245 83209.45862100054
215 184 808098.4948092652
215 214 236747.96496907846
215 216 573066.4578353893
216 215 573066.4578353893
216 247 241771.36519447458
217 218 926646.7969517836
217 248 1032924.1795068987
218 187 532263.8924001891
218 217 926646.7969517836
218 219 1112400.292758861
219 218 1112400.292758861
219 220 257839.056329719
219 250 291792.71535972244
220 189 674892.9400734608
220 219 257839.056329719
220 221 881086.8856520337
221 220 881086.8856520337
221 222 355497.6528220686
221 252 648131.8970896279
222 191 1128041.729762246
222 221 355497.6528220686
222 223 459232.67932933517
223 222 459232.67932933517
223 224 327496.1293359053
223 254 792450.5709418096
224 193 195208.1753948845
224 223 327496.1293359053
224 225 543706.0899364656
225 224 543706.0899364656
225 226 310102.41451817175
225 256 23137.925576853253
226 195 565915.365673172
226 225 310102.41451817175
226 227 676393.3317294014
227 226 676393.3317294014
227 228 427115.8278324511
227 258 342249.0177180937
228 197 970714.4153426383
228 227 427115.8278324511
228 229 1106647.9358034334
229 228 1106647.9358034334
229 230 384891.08536961465
229 260 684726.5685111101
230 199 712201.6544638183
230 229 384891.08536961465
230 231 222903.6549206854
231 230 222903.6549206854
231 232 794919.6016736536
231 262 646898.2951693411
232 201 1046157.8762619913
232 231 794919.6016736536
232 233 281574.5634694299
233 232 281574.5634694299
233 234 908471.9801540386
233 264 941292.5246670134
234 203 456535.2853931446
234 233 908471.9801540386
234 235 597386.9245874068
235 234 597386.9245874068
235 236 446685.3605268478
235 266 925180.5616256753
236 205 844548.1451877092
236 235 446685.3605268478
236 237 475182.22968667507
237 236 475182.22968667507
237 238 902612.2035957635
237 268 431126.6753113289
238 207 479574.71687840257
238 237 902612.2035957635
238 239 560470.3326037873
239 238 560470.3326037873
239 240 452089.92799442017
239 270 572836.618938594
240 209 422178.0453434309
240 239 452089.92799442017
240 241 165208.99290292888
241 240 165208.99290292888
241 242 840428.9749889636
241 272 128999.78387966393
242 211 923000.0677410592
242 241 840428.9749889636
242 243 806827.6201525329
243 242 806827.6201525329
243 244 837289.3625724622
243 274 729419.8768919037
244 213 571617.3605699883
244 243 837289.3625724622
244 245 869090.7321402064
245 244 869090.7321402064
245 246 883544.6645472995
245 276 320459.2384079448
246 215 725989.4426071222
246 245 883544.6645472995
246 247 348936.7450713668
247 246 348936.7450713668
247 278 145014.85571485426
248 249 242740.74044749883
248 279 351042.1634447919
249 218 331591.3676831772
249 248 242740.74044749883
249 250 619620.9075886642
250 249 619620.9075886642
250 251 162041.67550664244
250 281 205992.52943735605
251 220 137116.8055527841
251 250 162041.67550664244
251 252 791306.5996641251
252 251 791306.5996641251
252 253 799849.1864607978
252 283 559365.4065858917
253 222 871471.2608761117
253 252 799849.1864607978
253 254 557938.5381715444
254 253 557938.5381715444
254 255 177700.43584639853
254 285 455322.0032636244
255 224 699210.6563289779
255 254 177700.43584639853
255 256 245926.03054170578
256 255 245926.03054170578
256 257 692504.6011579995
256 287 385824.33484942344
257 226 369878.35382055
257 256 692504.6011579995
257 258 790358.674742044
258 257 790358.674742044
258 259 87565.80017906534
258 289 351103.02710885304
259 228 136872.48290653602
259 258 87565.80017906534
259 260 753268.9497171644
260 259 753268.9497171644
260 261 828353.6349905154
260 291 779254.934147356
261 230 578845.8328847155
261 260 828353.6349905154
261 262 614455.6172255243
262 261 614455.6172255243
262 263 618166.7662670001
262 293 141661.97063785326
263 232 798674.3491267264
263 262 618166.7662670001
263 264 57315.92173209814
264 263 57315.92173209814
264 265 678517.0169280944
264 295 632142.1455653784
265 234 549584.0876335485
265 264 678517.0169280944
265 266 824348.2542190527
266 265 824348.2542190527
266 267 843678.7435185268
266 297 90817.61373213898
267 236 458505.214864564
267 266 843678.7435185268
267 268 366816.1453003398
268 267 366816.1453003398
268 269 275020.62504474097
268 299 249084.17418415003
269 238 223770.06999373264
269 268 275020.62504474097
269 270 161527.43567889635
270 269 161527.43567889635
270 271 262334.80830800935
270 301 288018.45292272506
271 240 357362.46397320466
271 270 262334.80830800935
271 272 238765.24605143018
272 271 238765.24605143018
272 273 514970.08044448565
272 303 696964.6348789872
273 242 837088.3418761726
273 272 514970.08044448565
273 274 816733.9865984517
274 273 816733.9865984517
274 275 1012776.3252688127
274 305 602013.9045379268
275 244 960434.648280142
275 274 1012776.3252688127
275 276 386987.88874588825
276 275 386987.88874588825
276 277 472920.89538632147
276 307 395118.0601313992
277 246 686500.7958757222
277 276 472920.89538632147
277 278 956271.1805366718
278 277 956271.1805366718
278 309 109847.93576576667
279 280 233547.62790702886
279 310 926353.7034227261
280 249 314179.8878986368
280 279 233547.62790702886
280 281 243171.53185560188
281 280 243171.53185560188
281 282 502074.2933600564
281 312 656603.3358771489
282 251 541245.2780708576
282 281 502074.2933600564
282 283 331620.2867573092
283 282 331620.2867573092
283 284 821546.7926764732
283 314 832182.2855168211
284 253 478514.70227151853
284 283 821546.7926764732
284 285 379283.9763356738
285 284 379283.9763356738
285 286 594428.856663268
285 316 760968.9802061579
286 255 159689.7865049609
286 285 594428.856663268
286 287 776871.772591848
287 286 776871.772591848
287 288 161422.93232375628
287 318 940892.1071663849
288 257 316222.5739649211
288 287 161422.93232375628
288 289 942749.7413470873
289 288 942749.7413470873
289 290 512224.0142379113
289 320 427100.15091193776
290 259 229746.28084476144
290 289 512224.0142379113
290 291 244065.35875662486
291 290 244065.35875662486
291 292 536905.0704966382
291 322 809216.1768285406
292 261 614506.4319028727
292 291 536905.0704966382
292 293 151518.47770156615
293 292 151518.47770156615
293 294 682195.3570056014
293 324 455358.6141515278
294 263 124140.72640354575
294 293 682195.3570056014
294 295 647841.0104740205
295 294 647841.0104740205
295 296 639293.9886671859
295 326 516475.629110416
296 265 541713.441370066
296 295 639293.9886671859
296 297 669426.3202212772
297 296 669426.3202212772
297 298 889153.8010001419
297 328 1084927.5507461317
298 267 325532.2068521024
298 297 889153.8010001419
298 299 90038.20603499384
299 298 90038.20603499384
299 300 777421.4420537936
299 330 218027.07610065315
300 269 750043.8607241579
300 299 777421.4420537936
300 301 649502.6609837714
301 300 649502.6609837714
301 302 459163.05705272063
301 332 441033.54208268557
302 271 178912.1065216102
302 301 459163.05705272063
302 303 670612.0219098373
303 302 670612.0219098373
303 304 790327.5692957952
303 334 82527.62158816888
304 273 788992.8380029821
304 303 790327.5692957952
304 305 743308.2884523756
305 304 743308.2884523756
305 306 603444.7632650399
305 336 515944.07201653166
306 275 820465.8771027592
306 305 603444.7632650399
306 307 442342.2870131229
307 306 442342.2870131229
307 308 456782.74105092895
307 338 784285.2288835995
308 277 537619.9115183514
308 307 456782.74105092895
308 309 501191.3896806289
309 308 501191.3896806289
309 340 577585.1403221866
310 311 1076342.6502954345
310 341 404277.9823759884
311 280 305975.97039800364
311 310 1076342.6502954345
311 312 951564.6149500306
312 311 951564.6149500306
312 313 920513.4300649829
312 343 840460.3682036411
313 282 660263.1578348136
313 312 920513.4300649829
313 314 960890.0827488023
314 313 960890.0827488023
314 315 485680.1766069931
314 345 746837.0878270575
315 284 594978.5963545244
315 314 485680.1766069931
315 316 1071060.4180292538
316 315 1071060.4180292538
316 317 1026160.2519187732
316 347 385013.8304489853
317 286 860029.6581397643
317 316 1026160.2519187732
317 318 944827.0207958703
318 317 944827.0207958703
318 319 675381.3089655354
318 349 797307.9863641151
319 288 830052.6390657402
319 318 675381.3089655354
319 320 300736.8981967461
320 319 300736.8981967461
320 321 536043.4776480355
320 351 1104991.2752963256
321 290 390467.02106067806
321 320 536043.4776480355
321 322 259514.7564243698
322 321 259514.7564243698
322 323 821588.273634063
322 353 494157.3173079601
323 292 545907.6526529007
323 322 821588.273634063
323 324 165366.2824762049
324 323 165366.2824762049
324 325 469047.28476455336
324 355 106023.14364797904
325 294 846444.8064800209
325 324 469047.28476455336
325 326 327483.82306611724
326 325 327483.82306611724
326 327 384672.3332603997
326 357 445421.61634568207
327 296 303010.7868063446
327 326 384672.3332603997
327 328 575355.1286379569
328 327 575355.1286379569
328 329 868813.6237956907
328 359 121287.48078841444
329 298 806011.1144891242
329 328 868813.6237956907
329 330 881437.3737146616
330 329 881437.3737146616
330 331 671226.7185869466
330 361 460405.03054701735
331 300 622969.7782982734
331 330 671226.7185869466
331 332 1106089.9648446324
332 331 1106089.9648446324
332 333 158709.01250401628
332 363 645269.5524399086
333 302 487080.3675883478
333 332 158709.01250401628
333 334 1020609.9518861258
334 333 1020609.9518861258
334 335 629857.5964930486
334 365 537990.038430081
335 304 166731.42571213143
335 334 629857.5964930486
335 336 61329.18770862696
336 335 61329.18770862696
336 337 433566.44210547477
336 367 375832.0856579438
337 306 256455.09378641713
337 336 433566.44210547477
337 338 866543.9550686394
338 337 866543.9550686394
338 339 388498.91885821254
338 369 1083897.7998944365
339 308 540422.4834562307
339 338 388498.91885821254
339 340 635475.7208296789
340 339 635475.7208296789
340 371 702809.6139787787
341 342 693838.2089291422
341 372 710177.2231781303
342 311 755515.2199823641
342 341 693838.2089291422
342 343 327627.3323472875
343 342 327627.3323472875
343 344 729584.8690131943
343 374 412982.67821423215
344 313 455510.45150248747
344 343 729584.8690131943
344 345 857693.3937631792
345 344 857693.3937631792
345 346 1015905.138899297
345 376 868311.1247070372
346 315 359265.9478895822
346 345 1015905.138899297
346 347 985614.6735418462
347 346 985614.6735418462
347 348 344907.08178435534
347 378 487219.4149251444
348 317 436690.48929877096
348 347 344907.08178435534
348 349 174464.60606667475
349 348 174464.60606667475
349 350 387566.443906074
349 380 721658.4678433421
350 319 700988.2032060169
350 349 387566.443906074
350 351 903597.3309444865
351 350 903597.3309444865
351 352 10725.801834828015
351 382 766849.5714858293
352 321 812315.7627086896
352 351 10725.801834828015
352 353 305956.5612631963
353 352 305956.5612631963
353 354 795230.1688303833
353 384 791433.3580548649
354 323 437863.54879345687
354 353 795230.1688303833
354 355 624064.3992834394
355 354 624064.3992834394
355 356 480402.2066196199
355 386 313524.30306596647
356 325 16503.89763055988
356 355 480402.2066196199
356 357 285722.54919239396
357 356 285722.54919239396
357 358 609635.4357819105
357 388 478696.4802847416
358 327 828327.1448727248
358 357 609635.4357819105
358 359 931162.7961001234
359 358 931162.7961001234
359 360 974401.9969709627
359 390 294461.96985009796
360 329 672357.4279741393
360 359 974401.9969709627
360 361 632180.211563127
361 360 632180.211563127
361 362 800464.2742833686
361 392 619010.7675291279
362 331 865878.2775725466
362 361 800464.2742833686
362 363 1002339.6865035326
363 362 1002339.6865035326
363 364 561194.1429888591
363 394 260252.87967090777
364 333 257020.99217962724
364 363 561194.1429888591
364 365 993593.9329575236
365 364 993593.9329575236
365 366 1074636.2467411938
365 396 590051.7813768551
366 335 540489.9430886758
366 365 1074636.2467411938
366 367 784391.3427958011
367 366 784391.3427958011
367 368 876936.9887996514
367 398 854333.946642061
368 337 698545.2852528603
368 367 876936.9887996514
368 369 517255.2013745246
369 368 517255.2013745246
369 370 45331.19883700408
369 400 316412.7457183102
370 339 868353.9768976704
370 369 45331.19883700408
370 371 896699.8153836098
371 370 896699.8153836098
371 402 833511.1890526725
372 373 636082.7040920072
372 403 357771.53068403865
373 342 328807.56855644303
373 372 636082.7040920072
373 374 321003.1121126398
374 373 321003.1121126398
374 375 324217.5968234914
374 405 462872.0387374895
375 344 285443.4573361246
375 374 324217.5968234914
375 376 466645.84492417803
376 375 466645.84492417803
376 377 922650.893058149
376 407 648442.8258104179
377 346 1153736.7860066697
377 376 922650.893058149
377 378 682500.1549259897
378 377 682500.1549259897
378 379 276751.5137754444
378 409 606679.4652343196
379 348 507135.1744160525
379 378 276751.5137754444
379 380 972043.7435023179
380 379 972043.7435023179
380 381 15171.940218706373
380 411 429446.5022619232
381 350 840285.9925822874
381 380 15171.940218706373
381 382 843866.3770858512
382 381 843866.3770858512
382 383 1056469.4166306944
382 413 474301.52904771455
383 352 993230.1525854921
383 382 1056469.4166306944
383 384 347693.7832245495
384 383 347693.7832245495
384 385 147254.70342233556
384 415 409387.0413496255
385 354 325714.2527431061
385 384 147254.70342233556
385 386 91724.18979745747
386 385 91724.18979745747
386 387 650412.304465406
386 417 627270.354750645
387 356 171441.04610623443
387 386 650412.304465406
387 388 231430.45040789252
388 387 231430.45040789252
388 389 128058.9478092023
388 419 535488.0014939643
389 358 646296.5942738674
389 388 128058.9478092023
389 390 65319.43595133075
390 389 65319.43595133075
390 391 501368.01245592046
390 421 196030.3331324007
391 360 966321.2617908188
391 390 501368.01245592046
391 392 605316.5200322885
392 391 605316.5200322885
392 393 903878.5119704971
392 423 55613.55935381227
393 362 1052235.7234408078
393 392 903878.5119704971
393 394 203384.59560645197
394 393 203384.59560645197
394 395 612445.0823020787
394 425 841670.5631219379
395 364 851719.3060920951
395 394 612445.0823020787
395 396 418689.1372390738
396 395 418689.1372390738
396 397 386201.5376730134
396 427 147833.4705572456
397 366 922111.3551805986
397 396 386201.5376730134
397 398 706354.4555398514
398 397 706354.4555398514
398 399 486396.6301528003
398 429 369083.59366680065
399 368 518978.0008304784
399 398 486396.6301528003
399 400 413002.5976407412
400 399 413002.5976407412
400 401 278311.72733106307
400 431 841948.9460650212
401 370 383010.6915074304
401 400 278311.72733106307
401 402 167645.66629650764
402 401 167645.66629650764
402 433 369316.0994283894
403 404 281203.05753138603
403 434 542551.8372469123
404 373 229707.17915206743
404 403 281203.05753138603
404 405 382322.2018625128
405 404 382322.2018625128
405 406 649287.9637302697
405 436 773748.6791982264
406 375 594125.2388596196
406 405 649287.9637302697
406 407 419160.9432425688
407 406 419160.9432425688
407 408 700172.3040766466
407 438 942163.3568474206
408 377 134902.30430203927
408 407 700172.3040766466
408 409 799437.0199765583
409 408 799437.0199765583
409 410 710408.3632059803
409 440 965617.4493851071
410 379 499781.4085067591
410 409 710408.3632059803
410 411 617990.9153668847
411 410 617990.9153668847
411 412 176253.34775260297
411 442 831852.3996058436
412 381 441292.88972857926
412 411 176253.34775260297
412 413 682510.2839957798
413 412 682510.2839957798
413 414 96852.62995912915
413 444 210599.51060009614
414 383 703386.8716410621
414 413 96852.62995912915
414 415 751437.4075337213
415 414 751437.4075337213
415 416 35557.55323415828
415 446 532955.165541155
416 385 287137.84871556034
416 415 35557.55323415828
416 417 807286.3199051499
417 416 807286.3199051499
417 418 211183.93387755612
417 448 592078.3530623291
418 387 91183.6364980033
418 417 211183.93387755612
418 419 815959.8916693148
419 418 815959.8916693148
419 420 570345.1792283336
419 450 611442.2439854806
420 389 157292.194304104
420 419 570345.1792283336
420 421 348180.00677810324
421 420 348180.00677810324
421 422 610541.9306566913
421 452 622095.510947475
422 391 638056.4928531016
422 421 610541.9306566913
422 423 63140.11726311569
423 422 63140.11726311569
423 424 839663.9154923832
423 454 456757.61000447493
424 393 179046.01433709715
424 423 839663.9154923832
424 425 963714.7797528063
425 424 963714.7797528063
425 426 626025.7447741267
425 456 299388.3782547345
426 395 391075.7462308293
426 425 626025.7447741267
426 427 74244.71047152113
427 426 74244.71047152113
427 428 612679.8676282745
427 458 470943.47815634945
428 397 760899.8668110017
428 427 612679.8676282745
428 429 286743.87312024646
429 428 286743.87312024646
429 430 1195556.1985306253
429 460 824211.1864625474
430 399 366484.79858378845
430 429 1195556.1985306253
430 431 1191853.0249762342
431 430 1191853.0249762342
431 432 950590.1974463023
431 462 844696.0603317622
432 401 1061883.9483451098
432 431 950590.1974463023
432 433 723574.624216466
433 432 723574.624216466
433 464 915048.4409172009
434 435 760444.3717886272
434 465 479280.8297480716
435 404 750915.5056622549
435 434 760444.3717886272
435 436 313937.33117614413
436 435 313937.33117614413
436 437 768553.3940930845
436 467 626619.7010986807
437 406 640985.2732302046
437 436 768553.3940930845
437 438 300169.848405865
438 437 300169.848405865
438 439 495171.6908073401
438 469 471650.0478161748
439 408 768136.4613172584
439 438 495171.6908073401
439 440 584934.7069041125
440 439 584934.7069041125
440 441 537345.3187755523
440 471 384421.56966798834
441 410 298632.84730585146
441 440 537345.3187755523
441 442 868066.480633828
442 441 868066.480633828
442 443 1132826.3473264559
442 473 1080049.6696911675
443 412 564744.3636699705
443 442 1132826.3473264559
443 444 244080.8271577266
444 443 244080.8271577266
444 445 822648.1708348958
444 475 283511.73066559347
445 414 716719.5744424732
445 444 822648.1708348958
445 446 837181.6283847848
446 445 837181.6283847848
446 447 553901.9631640603
446 477 327059.79451164586
447 416 68350.86943119304
447 446 553901.9631640603
447 448 679887.1107242731
448 447 679887.1107242731
448 449 1269646.737306484
448 479 470386.2956443353
449 418 1014432.205886623
449 448 1269646.737306484
449 450 386482.9291766973
450 449 386482.9291766973
450 451 765088.4964094023
450 481 214609.21209724434
451 420 299341.24457047344
451 450 765088.4964094023
451 452 523582.82334316504
452 451 523582.82334316504
452 453 998649.1190468252
452 483 976643.1073759749
453 422 172329.53790920464
453 452 998649.1190468252
453 454 590561.7556979117
454 453 590561.7556979117
454 455 801842.6216091284
454 485 393336.7259600863
455 424 695150.691795671
455 454 801842.6216091284
455 456 92329.59300246049
456 455 92329.59300246049
456 457 673690.6382880795
456 487 898688.5029296859
457 426 403670.880184588
457 456 673690.6382880795
457 458 919954.5341428565
458 457 919954.5341428565
458 459 1149681.854727211
458 489 805170.7179784918
459 428 699926.0833559498
459 458 1149681.854727211
459 460 275372.243575855
460 459 275372.243575855
460 461 130610.13855363603
460 491 719441.9221716232
461 430 427645.3235567998
461 460 130610.13855363603
461 462 429082.25617589924
462 461 429082.25617589924
462 463 247279.55844549707
462 493 702374.0921901946
463 432 849485.7630413825
463 462 247279.55844549707
463 464 693033.2481410975
464 463 693033.2481410975
464 495 355353.5096210533
465 466 480200.2815492719
465 496 791452.9234926106
466 435 704133.2933024826
466 465 480200.2815492719
466 467 1029878.1713824213
467 466 1029878.1713824213
467 468 156991.3138616274
467 498 695978.8805488282
468 437 599456.6145944175
468 467 156991.3138616274
468 469 147952.5957933824
469 468 147952.5957933824
469 470 255683.39888424514
469 500 1058704.396636757
470 439 205997.27966407713
470 469 255683.39888424514
470 471 385615.9864995226
471 470 385615.9864995226
471 472 803632.0851397112
471 502 217478.77515978427
472 441 758606.5594087623
472 471 803632.0851397112
472 473 552739.7222943181
473 472 552739.7222943181
473 474 261264.30177121406
473 504 790525.7975758918
474 443 206881.40274321422
474 473 261264.30177121406
474 475 235206.6856872908
475 474 235206.6856872908
475 476 796145.9959460953
475 506 842809.3586571047
476 445 175236.49670659364
476 475 796145.9959460953
476 477 568690.0303548498
477 476 568690.0303548498
477 478 337550.7972824238
477 508 283276.0841740792
478 447 621708.0029636099
478 477 337550.7972824238
478 479 400685.67851871124
479 478 400685.67851871124
479 480 541060.8620303265
479 510 358428.33787662495
480 449 348513.53273294854
480 479 541060.8620303265
480 481 136890.65397608414
481 480 136890.65397608414
481 482 573427.9699290923
481 512 692642.1044810949
482 451 763117.156385571
482 481 573427.9699290923
482 483 1119103.1322023007
483 482 1119103.1322023007
483 484 749120.0422315504
483 514 629172.689191926
484 453 262634.4753626226
484 483 749120.0422315504
484 485 414950.1724990604
485 484 414950.1724990604
485 486 578898.1734165344
485 516 341133.012130166
486 455 797566.4774180269
486 485 578898.1734165344
486 487 1023633.400037826
487 486 1023633.400037826
487 488 978918.6235484541
487 518 803690.1860704783
488 457 99368.60132355693
488 487 978918.6235484541
488 489 690094.4775586891
489 488 690094.4775586891
489 490 908956.4667358937
489 520 798274.480059334
490 459 330129.2114854425
490 489 908956.4667358937
490 491 992263.0536757881
491 490 992263.0536757881
491 492 480698.39141503273
491 522 186539.36976681356
492 461 264333.7375440373
492 491 480698.39141503273
492 493 127640.95796020962
493 492 127640.95796020962
493 494 436271.9097672918
493 524 689341.8252775614
494 463 852631.7418235143
494 493 436271.9097672918
494 495 755278.0682066705
495 494 755278.0682066705
495 526 479529.141455449
496 497 352703.4261543259
496 527 738300.9871624174
497 466 735080.175329195
497 496 352703.4261543259
497 498 415601.3391340312
498 497 415601.3391340312
498 499 764526.9260778197
498 529 716972.956636441
499 468 208448.50301213487
499 498 764526.9260778197
499 500 1012492.0486364325
500 499 1012492.0486364325
500 501 720203.7533649766
500 531 765489.9391644544
501 470 164834.37482515594
501 500 720203.7533649766
501 502 238478.49874779067
502 501 238478.49874779067
502 503 154711.0541008625
502 533 458961.1030425127
503 472 613764.482367626
503 502 154711.0541008625
503 504 529640.4163213
504 503 529640.4163213
504 505 586157.0867651436
504 535 765124.2014398708
505 474 183203.15668131923
505 504 586157.0867651436
505 506 1140465.7299656137
506 505 1140465.7299656137
506 507 1009473.7780725163
506 537 1082826.1657810085
507 476 955949.4217797299
507 506 1009473.7780725163
507 508 463429.9522225554
508 507 463429.9522225554
508 509 393597.3735735542
508 539 263911.1622421454
509 478 76295.5967602325
509 508 393597.3735735542
509 510 37322.74721935672
510 509 37322.74721935672
510 511 222205.28541193614
510 541 670612.3806827607
511 480 720283.8551633655
511 510 222205.28541193614
511 512 389818.0927368559
512 511 389818.0927368559
512 513 389370.4452394917
512 543 393546.22082418733
513 482 864738.8728888045
513 512 389370.4452394917
513 514 634730.117603537
514 513 634730.117603537
514 515 845145.2765323841
514 545 91584.7696126381
515 484 534019.717131306
515 514 845145.2765323841
515 516 348132.735480305
516 515 348132.735480305
516 517 645422.5062275098
516 547 727855.7446506828
517 486 922271.5507251647
517 516 645422.5062275098
517 518 655474.4886873935
518 517 655474.4886873935
518 519 784381.7146370765
518 549 772267.4083457103
519 488 866790.3711999805
519 518 784381.7146370765
519 520 781931.1292537214
520 519 781931.1292537214
520 521 851003.4026494841
520 551 1048180.7530826923
521 490 322311.1106493228
521 520 851003.4026494841
521 522 846962.610587386
522 521 846962.610587386
522 523 820246.034448811
522 553 386781.23717807204
523 492 322008.46338722215
523 522 820246.034448811
523 524 889990.2303806486
524 523 889990.2303806486
524 525 638777.2860974317
524 555 616105.6124139756
525 494 909766.0423015358
525 524 638777.2860974317
525 526 396921.1667422134
526 525 396921.1667422134
526 557 538705.219518987
527 528 383079.41069444077
527 558 686881.0437805079
528 497 64640.901803734145
528 527 383079.41069444077
528 529 436874.3427577317
529 528 436874.3427577317
529 530 525117.3215387205
529 560 699696.062387091
530 499 597100.21863168
530 529 525117.3215387205
530 531 173692.0895147502
531 530 173692.0895147502
531 532 355285.6387865966
531 562 248752.66035562314
532 501 695495.7202463578
532 531 355285.6387865966
532 533 291130.6480362382
533 532 291130.6480362382
533 534 328103.7229246264
