101
0 1 32.55764119219941
0 10 26.40075756488817
1 0 32.55764119219941
1 2 34.40930106817051
2 1 34.40930106817051
2 3 25.0
2 12 32.01562118716424
3 2 25.0
3 4 41.23105625617661
4 3 41.23105625617661
4 5 10.0
4 14 29.154759474226502
5 4 10.0
5 6 20.615528128088304
6 5 20.615528128088304
6 7 12.206555615733702
6 16 25.0
7 6 12.206555615733702
7 8 48.104053883222775
8 7 48.104053883222775
8 9 25.0
8 18 40.0
9 8 25.0
10 11 42.42640687119285
10 20 51.478150704935004
11 1 23.430749027719962
11 10 42.42640687119285
11 12 22.360679774997898
12 11 22.360679774997898
12 13 21.213203435596427
12 22 32.01562118716424
13 3 41.23105625617661
13 12 21.213203435596427
13 14 15.811388300841896
14 13 15.811388300841896
14 15 25.0
14 24 38.07886552931954
15 5 18.027756377319946
15 14 25.0
15 16 11.180339887498949
16 15 11.180339887498949
16 17 18.027756377319946
16 26 31.622776601683793
17 7 10.44030650891055
17 16 18.027756377319946
17 18 20.615528128088304
18 17 20.615528128088304
18 19 30.4138126514911
18 28 52.20153254455275
19 9 15.811388300841896
19 18 30.4138126514911
20 21 10.0
20 30 34.92849839314596
21 11 25.495097567963924
21 20 10.0
21 22 11.180339887498949
22 21 11.180339887498949
22 23 31.622776601683793
22 32 47.042533945356304
23 13 55.90169943749474
23 22 31.622776601683793
23 24 15.0
24 23 15.0
24 25 22.360679774997898
24 34 45.044422518220834
25 15 36.40054944640259
25 24 22.360679774997898
25 26 14.142135623730951
26 25 14.142135623730951
26 27 6.708203932499369
26 36 25.0
27 17 21.213203435596427
27 26 6.708203932499369
27 28 23.53720459187964
28 27 23.53720459187964
28 29 30.0
28 38 30.265491900843113
29 19 7.0710678118654755
29 28 30.0
30 31 17.46424919657298
30 40 46.32493928760188
31 21 59.841457201508724
31 30 17.46424919657298
31 32 24.758836806279895
32 31 24.758836806279895
32 33 12.36931687685298
32 42 57.4543296888929
33 23 20.0
33 32 12.36931687685298
33 34 10.198039027185569
34 33 10.198039027185569
34 35 61.204574992397426
34 44 63.071388124885914
35 25 52.43090691567332
35 34 61.204574992397426
35 36 43.86342439892262
36 35 43.86342439892262
36 37 21.213203435596427
36 46 37.94733192202055
37 27 48.16637831516918
37 36 21.213203435596427
37 38 55.44366510251645
38 37 55.44366510251645
38 39 23.853720883753127
38 48 77.79460135510689
39 29 35.0
39 38 23.853720883753127
40 41 18.681541692269406
40 50 51.478150704935004
41 31 58.05170109479997
41 40 18.681541692269406
41 42 9.055385138137417
42 41 9.055385138137417
42 43 16.278820596099706
42 52 31.304951684997057
43 33 67.80117993073571
43 42 16.278820596099706
43 44 24.515301344262525
44 43 24.515301344262525
44 45 10.770329614269007
44 54 58.9406481131655
45 35 12.0
45 44 10.770329614269007
45 46 10.0
46 45 10.0
46 47 6.4031242374328485
46 56 50.11985634456667
47 37 47.67598976424087
47 46 6.4031242374328485
47 48 17.46424919657298
48 47 17.46424919657298
48 49 46.06517122512408
48 58 46.486557196677836
49 39 23.08679276123039
49 48 46.06517122512408
50 51 26.627053911388696
50 60 50.24937810560445
51 41 31.144823004794873
51 50 26.627053911388696
51 52 15.620499351813308
52 51 15.620499351813308
52 53 20.09975124224178
52 62 39.293765408777
53 43 48.38388161361178
53 52 20.09975124224178
53 54 8.48528137423857
54 53 8.48528137423857
54 55 14.866068747318506
54 64 54.00925846556311
55 45 62.42595614005443
55 54 14.866068747318506
55 56 21.0
56 55 21.0
56 57 14.560219778561036
56 66 35.6931365951495
57 47 34.713109915419565
57 56 14.560219778561036
57 58 15.132745950421556
58 57 15.132745950421556
58 59 10.770329614269007
58 68 28.0178514522438
59 49 32.69556544854363
59 58 10.770329614269007
60 61 36.05551275463989
60 70 62.93647591023825
61 51 15.297058540778355
61 60 36.05551275463989
61 62 11.40175425099138
62 61 11.40175425099138
62 63 14.422205101855956
62 72 54.70831746635972
63 53 63.7808748764079
63 62 14.422205101855956
63 64 47.0
64 63 47.0
64 65 13.601470508735444
64 74 67.26812023536856
65 55 61.1310068623117
65 64 13.601470508735444
65 66 70.3420215802759
66 65 70.3420215802759
66 67 35.73513677041127
66 76 40.496913462633174
67 57 23.853720883753127
67 66 35.73513677041127
67 68 20.615528128088304
68 67 20.615528128088304
68 69 9.0
68 78 20.024984394500787
69 59 29.732137494637012
69 68 9.0
70 71 52.952809179494906
70 80 14.142135623730951
71 61 47.885279575251516
71 70 52.952809179494906
71 72 3.1622776601683795
72 71 3.1622776601683795
72 73 4.47213595499958
72 82 36.05551275463989
73 63 71.11258679024411
73 72 4.47213595499958
73 74 3.605551275463989
74 73 3.605551275463989
74 75 31.0
74 84 34.785054261852174
75 65 31.0
75 74 31.0
75 76 4.123105625617661
76 75 4.123105625617661
76 77 12.041594578792296
76 86 35.35533905932738
77 67 13.92838827718412
77 76 12.041594578792296
77 78 5.656854249492381
78 77 5.656854249492381
78 79 11.045361017187261
78 88 33.61547262794322
79 69 26.870057685088806
79 78 11.045361017187261
80 81 40.607881008493905
80 90 53.150729063673246
81 71 44.553338819890925
81 80 40.607881008493905
81 82 10.04987562112089
82 81 10.04987562112089
82 83 6.708203932499369
82 92 13.601470508735444
83 73 39.35733730830886
83 82 6.708203932499369
83 84 10.295630140987
84 83 10.295630140987
84 85 12.649110640673518
84 94 9.219544457292887
85 75 51.0
85 84 12.649110640673518
85 86 24.0
86 85 24.0
86 87 34.058772731852805
86 96 4.242640687119285
87 77 35.0
87 86 34.058772731852805
87 88 17.0
88 87 17.0
88 89 32.38826948140329
88 98 10.816653826391969
89 79 39.05124837953327
89 88 32.38826948140329
90 91 7.615773105863909
90 100 25.612496949731394
91 81 25.96150997149434
91 90 7.615773105863909
91 92 4.47213595499958
92 91 4.47213595499958
92 93 8.54400374531753
93 83 15.524174696260024
93 92 8.54400374531753
93 94 3.1622776601683795
94 93 3.1622776601683795
94 95 4.242640687119285
95 85 20.12461179749811
95 94 4.242640687119285
95 96 6.708203932499369
96 95 6.708203932499369
96 97 6.0
97 87 31.78049716414141
97 96 6.0
97 98 5.0990195135927845
98 97 5.0990195135927845
98 99 8.246211251235321
99 89 50.695167422546305
99 98 8.246211251235321
