51
0 1 12.36931687685298
0 7 11.661903789690601
1 0 12.36931687685298
1 2 15.297058540778355
2 1 15.297058540778355
2 3 49.678969393496885
2 9 43.01162633521314
3 2 49.678969393496885
3 4 20.396078054371138
4 3 20.396078054371138
4 5 25.495097567963924
4 11 9.219544457292887
5 4 25.495097567963924
5 6 16.492422502470642
6 5 16.492422502470642
6 13 21.587033144922902
7 8 35.805027579936315
7 14 46.2709412050371
8 1 16.278820596099706
8 7 35.805027579936315
8 9 12.041594578792296
9 8 12.041594578792296
9 10 21.93171219946131
9 16 24.08318915758459
10 3 26.627053911388696
10 9 21.93171219946131
10 11 14.212670403551895
11 10 14.212670403551895
11 12 26.92582403567252
11 18 26.1725046566048
12 5 27.202941017470888
12 11 26.92582403567252
12 13 18.384776310850235
13 12 18.384776310850235
13 20 50.0
14 15 29.68164415931166
14 21 41.43669871020132
15 8 8.0
15 14 29.68164415931166
15 16 30.805843601498726
16 15 30.805843601498726
16 17 14.142135623730951
16 23 34.66987164671943
17 10 26.248809496813376
17 16 14.142135623730951
17 18 20.396078054371138
18 17 20.396078054371138
18 19 62.93647591023825
18 25 56.753854494650845
19 12 61.587336360651285
19 18 62.93647591023825
19 20 16.76305461424021
20 19 16.76305461424021
20 27 31.400636936215164
21 22 26.0
21 28 18.35755975068582
22 15 39.395431207184416
22 21 26.0
22 23 9.433981132056603
23 22 9.433981132056603
23 24 14.035668847618199
23 30 33.61547262794322
24 17 11.180339887498949
24 23 14.035668847618199
24 25 36.05551275463989
25 24 36.05551275463989
25 26 20.223748416156685
25 32 61.032778078668514
26 19 28.792360097775937
26 25 20.223748416156685
26 27 23.021728866442675
27 26 23.021728866442675
27 34 19.4164878389476
28 29 21.0
28 35 21.587033144922902
29 22 51.61395160225576
29 28 21.0
29 30 46.95742752749558
30 29 46.95742752749558
30 31 23.021728866442675
30 37 34.92849839314596
31 24 32.01562118716424
31 30 23.021728866442675
31 32 36.87817782917155
32 31 36.87817782917155
32 33 27.459060435491963
32 39 41.19465984809196
33 26 34.438350715445125
33 32 27.459060435491963
33 34 30.01666203960727
34 33 30.01666203960727
34 41 67.00746227100382
35 36 56.302753041036986
35 42 58.215118311311535
36 29 26.476404589747453
36 35 56.302753041036986
36 37 18.384776310850235
37 36 18.384776310850235
37 38 24.413111231467404
37 44 25.709920264364882
38 31 37.44329045369811
38 37 24.413111231467404
38 39 54.74486277268398
39 38 54.74486277268398
39 40 12.083045973594572
39 46 32.802438933713454
40 33 53.45091205957107
40 39 12.083045973594572
40 41 13.038404810405298
41 40 13.038404810405298
41 48 32.449961479175904
42 43 55.00909015790027
42 49 57.706152185014034
43 36 7.280109889280518
43 42 55.00909015790027
43 44 10.295630140987
44 43 10.295630140987
44 45 29.832867780352597
45 38 36.124783736376884
45 44 29.832867780352597
45 46 9.899494936611665
46 45 9.899494936611665
46 47 23.0
47 40 40.85339643163099
47 46 23.0
47 48 35.4682957019364
48 47 35.4682957019364
49 50 26.1725046566048
50 43 25.0
50 49 26.1725046566048
