76
0 1 14.560219778561036
0 8 37.21558813185679
1 0 14.560219778561036
1 2 24.20743687382041
2 1 24.20743687382041
2 3 26.0
2 10 39.44616584663204
3 2 26.0
3 4 18.027756377319946
4 3 18.027756377319946
4 5 26.076809620810597
4 12 16.55294535724685
5 4 26.076809620810597
5 6 23.345235059857504
6 5 23.345235059857504
6 7 7.0710678118654755
6 14 28.635642126552707
7 6 7.0710678118654755
8 9 15.652475842498529
8 16 16.55294535724685
9 1 40.19950248448356
9 8 15.652475842498529
9 10 15.033296378372908
10 9 15.033296378372908
10 11 24.413111231467404
10 18 18.384776310850235
11 3 18.867962264113206
11 10 24.413111231467404
11 12 31.38470965295043
12 11 31.38470965295043
12 13 22.0
12 20 28.42534080710379
13 5 37.013511046643494
13 12 22.0
13 14 33.0
14 13 33.0
14 15 42.720018726587654
14 22 51.15662224971465
15 7 35.17101079013795
15 14 42.720018726587654
16 17 26.832815729997478
16 24 25.612496949731394
17 9 32.57299494980466
17 16 26.832815729997478
17 18 53.600373133029585
18 17 53.600373133029585
18 19 34.23448553724738
18 26 15.652475842498529
19 11 48.27007354458868
19 18 34.23448553724738
19 20 22.02271554554524
20 19 22.02271554554524
20 21 18.0
20 28 15.264337522473747
21 13 56.85068161420758
21 20 18.0
21 22 21.213203435596427
22 21 21.213203435596427
22 23 15.524174696260024
22 30 52.0
23 15 15.652475842498529
23 22 15.524174696260024
24 25 30.0
24 32 36.138621999185304
25 17 33.52610922848042
25 24 30.0
25 26 18.439088914585774
26 25 18.439088914585774
26 27 26.90724809414742
26 34 16.0
27 19 31.064449134018133
27 26 26.90724809414742
27 28 19.72308292331602
28 27 19.72308292331602
28 29 9.0
28 36 13.601470508735444
29 21 21.400934559032695
29 28 9.0
29 30 51.419840528729765
30 29 51.419840528729765
30 31 24.698178070456937
30 38 16.0312195418814
31 23 18.027756377319946
31 30 24.698178070456937
32 33 26.40075756488817
32 40 18.439088914585774
33 25 10.816653826391969
33 32 26.40075756488817
33 34 11.180339887498949
34 33 11.180339887498949
34 35 40.01249804748511
34 42 49.8196748283246
35 27 19.924858845171276
35 34 40.01249804748511
35 36 7.810249675906654
36 35 7.810249675906654
36 37 52.630789467763066
36 44 18.027756377319946
37 29 40.19950248448356
37 36 52.630789467763066
37 38 18.027756377319946
38 37 18.027756377319946
38 39 10.0
38 46 49.24428900898052
39 31 8.54400374531753
39 38 10.0
40 41 4.242640687119285
40 48 21.0
41 33 43.60045871318328
41 40 4.242640687119285
41 42 5.0990195135927845
42 41 5.0990195135927845
42 43 29.427877939124322
42 50 23.853720883753127
43 35 50.32891812864648
43 42 29.427877939124322
43 44 34.132096331752024
44 43 34.132096331752024
44 45 12.041594578792296
44 52 27.459060435491963
45 37 24.331050121192877
45 44 12.041594578792296
45 46 27.018512172212592
46 45 27.018512172212592
46 47 6.324555320336759
46 54 68.00735254367721
47 39 34.132096331752024
47 46 6.324555320336759
48 49 18.24828759089466
48 56 54.12947441089743
49 41 42.0
49 48 18.24828759089466
49 50 22.02271554554524
50 49 22.02271554554524
50 51 25.019992006393608
50 58 48.02082881417188
51 43 34.48187929913333
51 50 25.019992006393608
51 52 19.026297590440446
52 51 19.026297590440446
52 53 20.0
52 60 54.42425929675111
53 45 16.0312195418814
53 52 20.0
53 54 63.953107821277925
54 53 63.953107821277925
54 55 45.17742799230607
54 62 41.23105625617661
55 47 42.190046219457976
55 54 45.17742799230607
56 57 41.400483088968905
56 64 45.5411901469428
57 49 25.317977802344327
57 56 41.400483088968905
57 58 30.265491900843113
58 57 30.265491900843113
58 59 60.29925372672534
58 66 33.301651610693426
59 51 35.4400902933387
59 58 60.29925372672534
59 60 28.071337695236398
60 59 28.071337695236398
60 61 15.231546211727817
60 68 14.142135623730951
61 53 42.5440947723653
61 60 15.231546211727817
61 62 14.142135623730951
62 61 14.142135623730951
62 63 25.495097567963924
62 70 46.32493928760188
63 55 21.93171219946131
63 62 25.495097567963924
64 65 7.280109889280518
64 72 51.42956348249516
65 57 20.808652046684813
65 64 7.280109889280518
65 66 32.31098884280702
66 65 32.31098884280702
66 67 11.40175425099138
66 74 7.0710678118654755
67 59 38.948684188300895
67 66 11.40175425099138
67 68 31.38470965295043
68 67 31.38470965295043
68 69 16.492422502470642
69 61 37.94733192202055
69 68 16.492422502470642
69 70 7.615773105863909
70 69 7.615773105863909
70 71 60.00833275470999
71 63 58.52349955359813
71 70 60.00833275470999
72 73 13.601470508735444
73 65 54.70831746635972
73 72 13.601470508735444
73 74 17.0
74 73 17.0
74 75 3.0
75 67 7.280109889280518
75 74 3.0
