1400
0 1 1736.0859999999998
0 37 1380.5511778184828
1 0 1736.0859999999998
1 2 2507.298215561324
2 1 2507.298215561324
2 3 1736.0859999999998
2 39 495.6485531714987
3 2 1736.0859999999998
3 4 1886.0820133750813
4 3 1886.0820133750813
4 5 136.0983798581012
4 41 555.0788903966716
5 4 136.0983798581012
5 6 30.143052267479447
6 5 30.143052267479447
6 7 23.6400000000001
6 43 578.0130366176872
7 6 23.6400000000001
7 8 70.94999999999982
8 7 70.94999999999982
8 9 8.365076210053267
8 45 516.488229972378
9 8 8.365076210053267
9 10 11.829999999999927
10 9 11.829999999999927
10 11 70.94000000000005
10 47 534.7282271397311
11 10 70.94000000000005
11 12 213.15741835554297
12 11 213.15741835554297
12 13 189.17999999999984
12 49 710.993401899061
13 12 189.17999999999984
13 14 195.17919484412258
14 13 195.17919484412258
14 15 70.94000000000005
14 51 831.5310289844871
15 14 70.94000000000005
15 16 35.48000000000002
16 15 35.48000000000002
16 17 136.108370425922
16 53 752.0555082598623
17 16 136.108370425922
17 18 23.649999999999864
18 17 23.649999999999864
18 19 177.36000000000013
18 55 896.4885887957525
19 18 177.36000000000013
19 20 112.48483853391103
20 19 112.48483853391103
20 21 130.06000000000017
20 57 896.4892416443155
21 20 130.06000000000017
21 22 11.819999999999936
22 21 11.819999999999936
22 23 88.86673730929932
22 59 743.3272189285148
23 22 88.86673730929932
23 24 35.47000000000003
24 23 35.47000000000003
24 25 106.41100000000006
24 61 925.3244400209043
25 24 106.41100000000006
25 26 343.0843282066379
26 25 343.0843282066379
26 27 295.59000000000015
26 63 975.1929813882994
27 26 295.59000000000015
27 28 35.46699999999987
28 27 35.46699999999987
28 29 53.53311917869148
28 65 1155.1328767310708
29 28 53.53311917869148
29 30 136.0983798581012
30 29 136.0983798581012
30 31 70.93999999999983
30 67 1102.399584386714
31 30 70.93999999999983
31 32 201.34665654040546
32 31 201.34665654040546
32 33 23.65000000000009
32 69 1107.6963472901768
33 32 23.65000000000009
33 34 212.81999999999994
34 33 212.81999999999994
34 35 65.29709717897123
34 71 1094.363836116673
35 34 65.29709717897123
35 36 732.8463315729975
36 35 732.8463315729975
36 73 1145.3255424445924
37 38 987.2936889679788
37 74 1005.1689587089328
38 1 1554.7377520649584
38 37 987.2936889679788
38 39 993.188
39 38 993.188
39 40 786.4774233148717
39 76 1085.7979164766343
40 3 1930.7960802106988
40 39 786.4774233148717
40 41 993.192
41 40 993.192
41 42 660.6873858671739
41 78 1078.571177551579
42 5 319.7458356257358
42 41 660.6873858671739
42 43 403.78141722966893
43 42 403.78141722966893
43 44 993.1869999999999
43 80 822.1707754694276
44 7 735.1495425211118
44 43 993.1869999999999
44 45 578.5629565647976
45 44 578.5629565647976
45 46 532.064
45 82 676.9015570051527
46 9 702.066335880022
46 45 532.064
46 47 414.49753603127726
47 46 414.49753603127726
47 48 77.08688409839912
47 84 649.6615359677685
48 11 544.6282328341048
48 47 77.08688409839912
48 49 354.712
49 48 354.712
49 50 277.9146342026629
49 86 783.1327813876776
50 13 531.5816507367425
50 49 277.9146342026629
50 51 437.47199999999987
51 50 437.47199999999987
51 52 165.95276172453407
51 88 809.354154634422
52 15 674.6513884963106
52 51 165.95276172453407
52 53 153.70799999999997
53 52 153.70799999999997
53 54 192.93039603960807
53 90 894.1023062206024
54 17 833.1657805166988
54 53 192.93039603960807
54 55 97.49350399385595
55 54 97.49350399385595
55 56 608.9495826757744
55 92 780.8054267754549
56 19 713.8645673375308
56 55 608.9495826757744
56 57 673.9519999999999
57 56 673.9519999999999
57 58 25.071180586482175
57 94 763.3871548205406
58 21 822.7487408534879
58 57 25.071180586482175
58 59 668.0620534770704
59 58 668.0620534770704
59 60 624.1307480656598
59 96 472.55285040405784
60 23 893.5216938950056
60 59 624.1307480656598
60 61 587.9310307008808
61 60 587.9310307008808
61 62 77.07637711387336
61 98 259.4283469958516
62 25 935.9373010250207
62 61 77.07637711387336
62 63 461.7245486217948
63 62 461.7245486217948
63 64 598.4635545427976
63 100 542.0365030226286
64 27 1104.2548689143282
64 63 598.4635545427976
64 65 277.912740846835
65 64 277.912740846835
65 66 201.0
65 102 327.0069471586193
66 29 1106.1571825179278
66 65 201.0
66 67 23.65000000000009
67 66 23.65000000000009
67 68 183.36513773343066
67 104 117.29092529262451
68 31 1115.7170438780615
68 67 183.36513773343066
68 69 141.8900000000001
69 68 141.8900000000001
69 70 23.639999999999873
69 106 536.5838376581987
70 33 1107.6946928192806
70 69 23.639999999999873
70 71 94.59000000000003
71 70 94.59000000000003
71 72 254.27855064082766
71 108 327.5440171274694
72 35 1121.6214907249237
72 71 254.27855064082766
72 73 153.7099999999998
73 72 153.7099999999998
73 110 1182.7930287738427
74 75 632.5975607959615
74 111 1179.9129744248091
75 38 964.7132870760099
75 74 632.5975607959615
75 76 425.6500000000001
76 75 425.6500000000001
76 77 141.88999999999987
76 113 1195.144405911269
77 40 1036.2675726283244
77 76 141.88999999999987
77 78 47.29000000000019
78 77 47.29000000000019
78 79 70.94299999999987
78 115 1196.3800743497027
79 42 892.3590617514902
79 78 70.94299999999987
79 80 254.28157305239387
80 79 254.28157305239387
80 81 47.299999999999955
80 117 1278.8835750810156
81 44 966.0206602474917
81 80 47.299999999999955
81 82 106.40999999999985
82 81 106.40999999999985
82 83 23.65000000000009
82 119 1182.6010666475825
83 46 802.8366801236724
83 82 23.65000000000009
83 84 35.47000000000003
84 83 35.47000000000003
84 85 195.17937630805173
84 121 1161.7392019967303
85 48 658.2083945073931
85 84 195.17937630805173
85 86 23.65000000000009
86 85 23.65000000000009
86 87 23.6400000000001
86 123 1151.5407675371289
87 50 657.8570383449584
87 86 23.6400000000001
87 88 82.76999999999998
88 87 82.76999999999998
88 89 11.819999999999936
88 125 1145.9613126105087
89 52 705.2641168385076
89 88 11.819999999999936
89 90 159.72918776792164
90 89 159.72918776792164
90 91 70.94999999999982
90 127 1149.002272854584
91 54 655.9846415648769
91 90 70.94999999999982
91 92 100.68325241071624
92 91 100.68325241071624
92 93 11.830000000000155
92 129 1145.5942446350716
93 56 490.4399471505151
93 92 11.830000000000155
93 94 70.93999999999983
94 93 70.93999999999983
94 95 153.71000000000004
94 131 1153.3871852769128
95 58 628.0229084014372
95 94 153.71000000000004
95 96 242.46194121139905
96 95 242.46194121139905
96 97 23.649999999999864
96 133 1141.7250228601454
97 60 713.1294212595636
97 96 23.649999999999864
97 98 70.94000000000005
98 97 70.94000000000005
98 99 41.80910337474375
98 135 1174.9231728181207
99 62 254.5359512701497
99 98 41.80910337474375
99 100 11.819999999999936
100 99 11.819999999999936
100 101 102.04935680836013
100 137 1252.1506492307547
101 64 78.78912587406967
101 100 102.04935680836013
101 102 23.646999999999935
102 101 23.646999999999935
102 103 41.80613344953102
102 139 1155.2692512804103
103 66 108.62293153841887
103 102 41.80613344953102
103 104 35.48000000000002
104 103 35.48000000000002
104 105 234.12590757111863
104 141 1258.7600311417582
105 68 251.26977059726062
105 104 234.12590757111863
105 106 437.62938315428505
106 105 437.62938315428505
106 107 437.47
106 143 1065.1026286588537
107 70 250.68748699526267
107 106 437.47
107 108 48.74238607208305
108 107 48.74238607208305
108 109 1436.6379545160291
108 145 951.3674470655383
109 72 1197.0090041916978
109 108 1436.6379545160291
109 110 23.65000000000009
110 109 23.65000000000009
110 147 508.6213257424428
111 112 23.649999999999864
111 148 752.0611051876036
112 75 1302.7134366701682
112 111 23.649999999999864
112 113 59.12000000000012
113 112 59.12000000000012
113 114 679.8856872298459
113 150 752.410114554556
114 77 1337.3534948550437
114 113 679.8856872298459
114 115 461.1199999999999
115 114 461.1199999999999
115 116 23.65000000000009
115 152 890.5766107556384
116 79 1206.1553196209848
116 115 23.65000000000009
116 117 508.41599999999994
117 116 508.41599999999994
117 118 319.45437827020004
117 154 679.3115721787757
118 81 1175.7669123325422
118 117 319.45437827020004
118 119 230.63547775656713
119 118 230.63547775656713
119 120 77.07691353446883
119 156 754.84471681267
120 83 1168.3391065337153
120 119 77.07691353446883
120 121 94.59000000000015
121 120 94.59000000000015
121 122 30.143052267479447
121 158 787.5531179545923
122 85 1164.0295677516099
122 121 30.143052267479447
122 123 112.48536349232278
123 122 112.48536349232278
123 124 8.350934079490871
123 160 768.4690256607615
124 87 1146.327108987657
124 123 8.350934079490871
124 125 94.58999999999992
125 124 94.58999999999992
125 126 112.4753773054351
125 162 865.0536764848758
126 89 1149.987564671897
126 125 112.4753773054351
126 127 82.75999999999999
127 126 82.75999999999999
127 128 147.90772156990312
127 164 1047.668320953249
128 91 1147.0722336561898
128 127 147.90772156990312
128 129 23.6400000000001
129 128 23.6400000000001
129 130 41.79991028698519
129 166 1099.9284299539675
130 93 1141.2013862421477
130 129 41.79991028698519
130 131 307.4200000000001
131 130 307.4200000000001
131 132 26.428536641289746
131 168 1096.0224735109223
132 95 1128.8501015325285
132 131 26.428536641289746
132 133 112.47784817020637
133 132 112.47784817020637
133 134 478.89646866520104
133 170 1084.2565986776376
134 97 1168.1205179796302
134 133 478.89646866520104
134 135 47.289999999999964
135 134 47.289999999999964
135 136 366.53999999999996
135 172 1160.3443162251453
136 99 1128.1079301644859
136 135 366.53999999999996
136 137 579.357
137 136 579.357
137 138 47.29500000000007
137 174 1264.2627636251098
138 101 1246.2387033586303
138 137 47.29500000000007
138 139 656.2385229045915
139 138 656.2385229045915
139 140 94.58999999999992
139 176 1081.028224874818
140 103 1146.8146216368189
140 139 94.58999999999992
140 141 649.310650151374
141 140 649.310650151374
141 142 993.188
141 178 1178.4150670184085
142 105 1264.9729607940244
142 141 993.188
142 143 1338.3023470965
143 142 1338.3023470965
143 144 886.7700000000002
143 180 1176.6456941411889
144 107 968.4440332698632
144 143 886.7700000000002
144 145 34.44377737705316
145 144 34.44377737705316
145 146 874.949
145 182 714.7241940888806
146 109 900.2130013174661
146 145 874.949
146 147 875.0285667342523
147 146 875.0285667342523
147 184 712.1521015204547
148 149 8.359416486812941
148 185 961.2719919153997
149 112 736.0352530524609
149 148 8.359416486812941
149 150 77.08013567709901
150 149 77.08013567709901
150 151 67.40103337486747
150 187 824.8700265793392
151 114 1260.8316102334998
151 150 67.40103337486747
151 152 23.646999999999935
152 151 23.646999999999935
152 153 579.6926653193051
152 189 877.6822102253183
153 116 686.4764354295054
153 152 579.6926653193051
153 154 390.17999999999995
154 153 390.17999999999995
154 155 177.3549999999999
154 191 622.5738851100325
155 118 821.3107596549554
155 154 177.3549999999999
155 156 451.7716399078188
156 155 451.7716399078188
156 157 490.71347004540223
156 193 473.728757941715
157 120 977.9160836718048
157 156 490.71347004540223
157 158 730.0538052527361
158 157 730.0538052527361
158 159 786.2921358502833
158 195 470.45280847285846
159 122 1235.7094522985572
159 158 786.2921358502833
159 160 886.7700000000002
160 159 886.7700000000002
160 161 112.47537730543533
160 197 437.2524296101738
161 124 770.9308394402186
161 160 112.47537730543533
161 162 133.69270174545815
162 161 133.69270174545815
162 163 48.69630376116845
162 199 983.3311438991444
163 126 905.0349611479105
163 162 48.69630376116845
163 164 490.71550597978876
164 163 490.71550597978876
164 165 484.77
164 201 1093.0501336210523
165 128 910.4280554382099
165 164 484.77
165 166 244.57032129021704
166 165 244.57032129021704
166 167 94.58000000000015
166 203 1171.2319892531966
167 130 1095.128778975788
167 166 94.58000000000015
167 168 141.88999999999987
168 167 141.88999999999987
168 169 106.41100000000006
168 205 1108.9374691573012
169 132 1080.6351719729469
169 168 106.41100000000006
169 170 195.18034559350502
170 169 195.18034559350502
170 171 11.820000000000164
170 207 1107.338250249218
171 134 1147.4380949733193
171 170 11.820000000000164
171 172 82.76999999999998
172 171 82.76999999999998
172 173 23.649999999999864
172 209 103.49910701547127
173 136 1078.8685971405414
173 172 23.649999999999864
173 174 171.5516928975052
174 173 171.5516928975052
174 175 30.143835456026665
174 211 944.8994081879827
175 138 1310.697890346971
175 174 30.143835456026665
175 176 106.42000000000007
176 175 106.42000000000007
176 177 23.65000000000009
176 213 1187.063044533019
177 140 1081.4159855374805
177 176 23.65000000000009
177 178 82.75999999999999
178 177 82.75999999999999
178 179 171.5416643996438
178 215 1356.5353486422682
179 142 1082.9841835710254
179 178 171.5416643996438
179 180 82.75999999999999
180 179 82.75999999999999
180 181 118.24000000000001
180 217 1183.125016378658
181 144 752.781017720957
181 180 118.24000000000001
181 182 183.36510552719673
182 181 183.36510552719673
182 183 53.536762472155566
182 219 1271.6693186595326
183 146 1106.2167778247624
183 182 53.536762472155566
183 184 35.4699999999998
184 183 35.4699999999998
184 221 1173.8114767286952
185 186 165.52999999999997
185 222 1181.0698411292196
186 149 840.5113257660483
186 185 165.52999999999997
186 187 94.59000000000015
187 186 94.59000000000015
187 188 159.72915080222532
187 224 1172.337587951952
188 151 877.684271355594
188 187 159.72915080222532
188 189 23.65000000000009
189 188 23.65000000000009
189 190 59.11999999999989
189 226 1169.8430607996097
190 153 520.1769053129906
190 189 59.11999999999989
190 191 23.6400000000001
191 190 23.6400000000001
191 192 11.829999999999927
191 228 1160.7826759652298
192 155 726.9872781184
192 191 11.829999999999927
192 193 23.65000000000009
193 192 23.65000000000009
193 194 30.134421116059233
193 230 1156.4388531530751
194 157 685.4021138200551
194 193 30.134421116059233
194 195 8.35446736782196
195 194 8.35446736782196
195 196 11.830000000000155
195 232 1176.652193683418
196 159 1100.9237325991298
196 195 11.830000000000155
196 197 260.3879615112804
197 196 260.3879615112804
197 198 59.11000000000013
197 234 1202.3928807843965
198 161 416.0463515042524
198 197 59.11000000000013
198 199 931.3538993970014
199 198 931.3538993970014
199 200 1627.8263151583465
199 236 1788.1686012012403
200 163 943.5328320731611
200 199 1627.8263151583465
200 201 130.59509830005123
201 200 130.59509830005123
201 202 107.06336534968449
201 238 59.35496356666407
202 165 924.5257402847147
202 201 107.06336534968449
202 203 224.64699999999993
203 202 224.64699999999993
203 204 165.95774904776218
203 240 457.65665844713766
204 167 1110.5122889914367
204 203 165.95774904776218
204 205 118.24000000000001
205 204 118.24000000000001
205 206 52.86065171751093
205 242 335.85253674194576
206 169 1087.4464075999333
206 205 52.86065171751093
206 207 94.58699999999999
207 206 94.58699999999999
207 208 1136.5418251208357
207 244 409.4272190377676
208 171 1146.6799681672303
208 207 1136.5418251208357
208 209 1294.8655975015322
209 208 1294.8655975015322
209 210 23.620000000000005
209 246 728.3585289189658
210 173 82.4398172790309
210 209 23.620000000000005
210 211 696.8417205542447
211 210 696.8417205542447
211 212 1616.0580363817385
211 248 873.0546434089907
212 175 1187.9759070772436
212 211 1616.0580363817385
212 213 94.59000000000015
213 212 94.59000000000015
213 214 18.689060971595094
213 250 768.8991523574466
214 177 1180.7536859633342
214 213 18.689060971595094
214 215 679.8856003770047
215 214 679.8856003770047
215 216 461.1300000000001
215 252 897.1450884333036
216 179 1179.1302175675933
216 215 461.1300000000001
216 217 23.639999999999873
217 216 23.639999999999873
217 218 224.6500000000001
217 254 846.0619798241734
218 181 1178.0627186533832
218 217 224.6500000000001
218 219 283.77200000000005
219 218 283.77200000000005
219 220 307.63877168523493
219 256 912.1289824164123
220 183 1182.5943240181732
220 219 307.63877168523493
220 221 201.35663932435898
221 220 201.35663932435898
221 258 978.3023816126588
222 223 47.30000000000018
222 259 1188.9917884493568
223 186 1172.4570082203443
223 222 47.30000000000018
223 224 47.289999999999964
224 223 47.289999999999964
224 225 30.145011195884432
224 261 932.5213767522973
225 188 1177.2404491440989
225 224 30.145011195884432
225 226 8.35093407949071
226 225 8.35093407949071
226 227 47.299999999999955
226 263 931.3276199147107
227 190 1168.9766319738815
227 226 47.299999999999955
227 228 177.75276566062192
228 227 177.75276566062192
228 229 106.42000000000007
228 265 1111.7250728053227
229 192 1154.7454112145238
229 228 106.42000000000007
229 230 118.23099999999988
230 229 118.23099999999988
230 231 295.8272328251745
230 267 1113.2326110139786
231 194 1176.9625912598074
231 230 295.8272328251745
231 232 23.65000000000009
232 231 23.65000000000009
232 233 82.75999999999999
232 269 1105.0120617300972
233 196 1165.0124951261253
233 232 82.75999999999999
233 234 189.18099999999993
234 233 189.18099999999993
234 235 295.82643438509683
234 271 1140.2097152739052
235 198 1156.1074338053536
235 234 295.82643438509683
235 236 272.20675028367685
236 235 272.20675028367685
236 237 47.30000000000018
236 273 1180.3266214840703
237 200 298.22317029365763
237 236 47.30000000000018
237 238 425.64999999999986
238 237 425.64999999999986
238 239 520.243
238 275 1099.45894549501
239 202 634.3252410782658
239 238 520.243
239 240 47.29499999999996
240 239 47.29499999999996
240 241 1206.4871361121095
240 277 1307.5194380765433
241 204 600.8889548826804
241 240 1206.4871361121095
241 242 993.184
242 241 993.184
242 243 466.1522690023078
242 279 1038.9285421047973
243 206 261.55915774447664
243 242 466.1522690023078
243 244 132.04518393337946
244 243 132.04518393337946
244 245 857.7231410105479
244 281 751.0777645284141
245 208 1750.1539759189761
245 244 857.7231410105479
245 246 308.4215631388311
246 245 308.4215631388311
246 247 419.7834639001399
246 283 791.3408522962781
247 210 645.3874056045718
247 246 419.7834639001399
247 248 407.96081040217587
248 247 407.96081040217587
248 249 23.64799999999991
248 285 878.305785047554
249 212 793.85824786041
249 248 23.64799999999991
249 250 59.11800000000005
250 249 59.11800000000005
250 251 74.77079486002536
250 287 894.3928936770461
251 214 724.3513303390833
251 250 74.77079486002536
251 252 556.5663641148286
252 251 556.5663641148286
252 253 390.18399999999997
252 289 520.1794476562872
253 216 853.0510509318889
253 252 390.18399999999997
253 254 11.823999999999955
254 253 11.823999999999955
254 255 520.7739250807398
254 291 629.1625969715618
255 218 750.8502222147903
255 254 520.7739250807398
255 256 26.416913142909106
256 255 26.416913142909106
256 257 248.29999999999995
256 293 539.2829164770565
257 220 720.5169594117824
257 256 248.29999999999995
257 258 384.9352660500204
258 257 384.9352660500204
258 295 1325.574691878583
259 260 874.8192234399061
259 296 988.0462935004616
260 223 888.5970290857381
260 259 874.8192234399061
260 261 44.976399366779056
261 260 44.976399366779056
261 262 490.7155902353216
261 298 1137.6698229714982
262 225 1083.93398899564
262 261 490.7155902353216
262 263 478.8864200789161
263 262 478.8864200789161
263 264 431.92339528671073
263 300 1122.1704976945348
264 227 1102.1649548502257
264 263 431.92339528671073
264 265 482.9630639127592
265 264 482.9630639127592
265 266 70.94000000000005
265 302 1316.9466412668357
266 229 1110.403671060214
266 265 70.94000000000005
266 267 11.830000000000155
267 266 11.830000000000155
267 268 47.289999999999964
267 304 1353.4100831913436
268 231 1128.7141341473491
268 267 47.289999999999964
268 269 195.17934605126655
269 268 195.17934605126655
269 270 41.79920364073927
269 306 1287.4345581616956
270 233 1113.2225643437166
270 269 41.79920364073927
270 271 11.819999999999936
271 270 11.819999999999936
271 272 130.05999999999995
271 308 1293.4086851741797
272 235 1110.7453938072397
272 271 130.05999999999995
272 273 23.65000000000009
273 272 23.65000000000009
273 274 70.94000000000005
273 310 1347.2262463016373
274 237 1189.7613245453895
274 273 70.94000000000005
274 275 183.36510552719673
275 274 183.36510552719673
275 276 165.52999999999997
275 312 1295.4740248993803
276 239 1192.7726200319992
276 275 165.52999999999997
276 277 183.3551107141549
277 276 183.3551107141549
277 278 47.289999999999964
277 314 1304.8427949848979
278 241 1112.984531394754
278 277 47.289999999999964
278 279 94.58999999999992
279 278 94.58999999999992
279 280 70.94000000000005
279 316 1354.2879997120258
280 243 889.4800729999521
280 279 70.94000000000005
280 281 183.3551107141549
281 280 183.3551107141549
281 282 130.05999999999995
281 318 1303.678079062849
282 245 1053.3976932355606
282 281 130.05999999999995
282 283 23.6400000000001
283 282 23.6400000000001
283 284 183.3551107141549
283 320 1358.9897363368864
284 247 687.3442962184236
284 283 183.3551107141549
284 285 23.639999999999873
285 284 23.639999999999873
285 286 23.65000000000009
285 322 1324.8833388657283
286 249 878.304438847943
286 285 23.65000000000009
286 287 35.47000000000003
287 286 35.47000000000003
287 288 35.48000000000002
287 324 1317.4231479384293
288 251 806.3954553244953
288 287 35.48000000000002
288 289 60.28806266583803
289 288 60.28806266583803
289 290 47.289999999999964
289 326 1330.6772559880928
290 253 635.9048524111134
290 289 47.289999999999964
290 291 23.65000000000009
291 290 23.65000000000009
291 292 70.94000000000005
291 328 1358.152891483135
292 255 549.5051277140187
292 291 70.94000000000005
292 293 11.819999999999936
293 292 11.819999999999936
293 294 243.57739944625408
293 330 1362.415929356377
294 257 676.410343038159
294 293 243.57739944625408
294 295 1556.1447560329982
295 294 1556.1447560329982
295 332 142.38064545435952
296 297 11.809999999999945
296 333 142.38064545435952
297 260 1075.8555431376462
297 296 11.809999999999945
297 298 26.416913142909006
298 297 26.416913142909006
298 299 11.809999999999945
298 335 18.679574406286722
299 262 1040.1134594360367
299 298 11.809999999999945
299 300 11.809999999999945
300 299 11.809999999999945
300 301 26.412436464665532
300 337 8.35093407949055
301 264 1074.736249737581
301 300 26.412436464665532
301 302 11.809999999999945
302 301 11.809999999999945
302 303 11.809999999999945
302 339 8.358002153625108
303 266 1331.5924017521277
303 302 11.809999999999945
303 304 26.416913142908903
304 303 26.416913142908903
304 305 11.809999999999945
304 341 18.679574406286722
305 268 1361.312156797257
305 304 11.809999999999945
305 306 11.809999999999945
306 305 11.809999999999945
306 307 26.41243646466563
306 343 18.685901102167886
307 270 1301.947727838564
307 306 26.41243646466563
307 308 11.809999999999945
308 307 11.809999999999945
308 309 11.809999999999945
308 345 18.68906097159495
309 272 1320.9730913020146
309 308 11.809999999999945
309 310 26.412436464665532
310 309 26.412436464665532
310 311 11.809999999999945
310 347 25.0740104490686
311 274 1362.573295196996
311 310 11.809999999999945
311 312 11.809999999999945
312 311 11.809999999999945
312 313 26.416913142908903
312 349 30.1430522674794
313 276 1367.6007745935947
313 312 26.416913142908903
313 314 11.809999999999945
314 313 11.809999999999945
314 315 11.809999999999945
314 351 30.145011195884432
315 278 1306.0991761669557
315 314 11.809999999999945
315 316 26.412436464665532
316 315 26.412436464665532
316 317 11.809999999999945
316 353 34.46435840110782
317 280 1368.8411228568493
317 316 11.809999999999945
317 318 11.809999999999945
318 317 11.809999999999945
318 319 26.41243646466563
318 355 41.798497580654825
319 282 1361.8440250296653
319 318 26.41243646466563
319 320 11.809999999999945
320 319 11.809999999999945
320 321 11.809999999999945
320 357 41.80980985366939
321 284 1299.153754266215
321 320 11.809999999999945
321 322 26.416913142908903
322 321 26.416913142908903
322 323 11.809999999999945
322 359 101.19153176032073
323 286 1319.253054938286
323 322 11.809999999999945
323 324 11.809999999999945
324 323 11.809999999999945
324 325 26.412436464665532
324 361 91.77171023795954
325 288 1346.8636342273112
325 324 26.412436464665532
325 326 11.809999999999945
326 325 11.809999999999945
326 327 11.809999999999945
326 363 101.19153176032073
327 290 1332.119842568228
327 326 11.809999999999945
327 328 26.416913142909006
328 327 26.416913142909006
328 329 11.809999999999945
328 365 101.20146342815401
329 292 1369.4025924117423
329 328 11.809999999999945
329 330 11.809999999999945
330 329 11.809999999999945
330 331 26.412436464665532
330 367 91.77171023795954
331 294 1520.7027790561176
331 330 26.412436464665532
331 332 11.809999999999945
332 331 11.809999999999945
332 369 101.19153176032073
333 334 137.1185071388979
333 370 91.77171023795954
334 297 18.67325627736079
334 333 137.1185071388979
334 335 11.809999999999945
335 334 11.809999999999945
335 336 16.7089347356436
335 372 47.6566270312954
336 299 8.35093407949055
336 335 16.7089347356436
336 337 11.809999999999945
337 336 11.809999999999945
337 338 16.70893473564376
337 374 47.657866087352225
338 301 8.358002153625108
338 337 16.70893473564376
338 339 11.809999999999945
339 338 11.809999999999945
339 340 16.716010289539696
339 376 50.51028014176913
340 303 25.066944369028977
340 339 16.716010289539696
340 341 11.809999999999945
341 340 11.809999999999945
341 342 16.7089347356436
341 378 35.95734834494891
342 305 18.685901102167886
342 341 16.7089347356436
342 343 11.809999999999945
343 342 11.809999999999945
343 344 16.7089347356436
343 380 35.95899053088119
344 307 18.68906097159495
344 343 16.7089347356436
344 345 11.809999999999945
345 344 11.809999999999945
345 346 16.716010289539856
345 382 39.6589056833393
346 309 34.45921792496153
346 345 16.716010289539856
346 347 11.809999999999945
347 346 11.809999999999945
347 348 16.7089347356436
347 384 24.374833332763362
348 311 30.1430522674794
348 347 16.7089347356436
348 349 11.809999999999945
349 348 11.809999999999945
349 350 16.716010289539696
349 386 24.37725579305442
350 313 30.145011195884432
350 349 16.716010289539696
350 351 11.809999999999945
351 350 11.809999999999945
351 352 16.70893473564376
351 388 29.544001083130325
352 315 45.01053765508697
352 351 16.70893473564376
352 353 11.809999999999945
353 352 11.809999999999945
353 354 16.7089347356436
353 390 13.210692638919312
354 317 41.798497580654825
354 353 16.7089347356436
354 355 11.809999999999945
355 354 11.809999999999945
355 356 16.716010289539696
355 392 13.22410677512849
356 319 41.80980985366939
356 355 16.716010289539696
356 357 11.809999999999945
357 356 11.809999999999945
357 358 131.26157853690464
357 394 136.49189170056954
358 321 91.76204716548126
358 357 131.26157853690464
358 359 11.809999999999945
359 358 11.809999999999945
359 360 11.809999999999945
359 396 8.35093407949071
360 323 101.19153176032073
360 359 11.809999999999945
360 361 26.412436464665532
361 360 26.412436464665532
361 362 11.809999999999945
361 398 8.358002153625108
362 325 101.19153176032073
362 361 11.809999999999945
362 363 11.809999999999945
363 362 11.809999999999945
363 364 26.41243646466563
363 400 25.066944369028977
364 327 91.77171023795931
364 363 26.41243646466563
364 365 11.809999999999945
365 364 11.809999999999945
365 366 11.809999999999945
365 402 18.695389806045732
366 329 101.20146342815401
366 365 11.809999999999945
366 367 26.416913142908903
367 366 26.416913142908903
367 368 11.809999999999945
367 404 18.689060971595165
368 331 101.19153176032073
368 367 11.809999999999945
368 369 11.809999999999945
369 368 11.809999999999945
369 406 34.45921792496153
370 371 11.809999999999945
370 407 25.0740104490686
371 334 47.6566270312954
371 370 11.809999999999945
371 372 11.809999999999945
372 371 11.809999999999945
372 373 26.412436464665532
372 409 30.1430522674794
373 336 47.657866087352225
373 372 26.412436464665532
373 374 11.809999999999945
374 373 11.809999999999945
374 375 11.809999999999945
374 411 30.145011195884656
375 338 39.645491546958766
375 374 11.809999999999945
375 376 26.416913142909006
376 375 26.416913142909006
376 377 11.809999999999945
376 413 34.464358401107624
377 340 35.95734834494891
377 376 11.809999999999945
377 378 11.809999999999945
378 377 11.809999999999945
378 379 26.412436464665532
378 415 41.798497580654605
379 342 35.95899053088119
379 378 26.412436464665532
379 380 11.809999999999945
380 379 11.809999999999945
380 381 11.809999999999945
380 417 41.80980985366962
381 344 29.546008190616842
381 380 11.809999999999945
381 382 26.416913142908903
382 381 26.416913142908903
382 383 11.809999999999945
382 419 45.0144732280631
383 346 24.374833332763362
383 382 11.809999999999945
383 384 11.809999999999945
384 383 11.809999999999945
384 385 26.41243646466563
384 421 97.95062531704426
385 348 24.37725579305442
385 384 26.41243646466563
385 386 11.809999999999945
386 385 11.809999999999945
386 387 11.809999999999945
386 423 97.5948979199222
387 350 21.29216992229766
387 386 11.809999999999945
387 388 26.412436464665532
388 387 26.412436464665532
388 389 11.809999999999945
388 425 98.65193611886181
389 352 13.210692638919312
389 388 11.809999999999945
389 390 11.809999999999945
390 389 11.809999999999945
390 391 26.416913142908903
390 427 86.17563982936247
391 354 13.22410677512849
391 390 26.416913142908903
391 392 11.809999999999945
392 391 11.809999999999945
392 393 11.809999999999945
392 429 85.7710907007717
393 356 17.70999999999981
393 392 11.809999999999945
393 394 137.1284233847965
394 393 137.1284233847965
394 395 11.809999999999945
394 431 62.70905835682767
395 358 18.682740698302318
395 394 11.809999999999945
395 396 16.716010289539856
396 395 16.716010289539856
396 397 11.809999999999945
396 433 62.69915868654053
397 360 8.35093407949071
397 396 11.809999999999945
397 398 16.7089347356436
398 397 16.7089347356436
398 399 11.809999999999945
398 435 62.70905835682744
399 362 8.358002153625108
399 398 11.809999999999945
399 400 16.716010289539696
400 399 16.716010289539696
400 401 11.809999999999945
400 437 62.69915868654075
401 364 18.682740698302247
401 400 11.809999999999945
401 402 16.70893473564376
402 401 16.70893473564376
402 403 11.809999999999945
402 439 62.69915868654053
403 366 18.695389806045732
403 402 11.809999999999945
403 404 16.7089347356436
404 403 16.7089347356436
404 405 11.809999999999945
404 441 62.70905835682744
405 368 18.689060971595165
405 404 11.809999999999945
405 406 16.716010289539696
406 405 16.716010289539696
406 443 62.69915868654053
407 408 16.7089347356436
407 444 62.70905835682748
408 371 30.1430522674794
408 407 16.7089347356436
408 409 11.809999999999945
409 408 11.809999999999945
409 410 16.70893473564376
409 446 62.69915868654056
410 373 30.145011195884656
410 409 16.70893473564376
410 411 11.809999999999945
411 410 11.809999999999945
411 412 16.716010289539696
411 448 62.699158686540784
412 375 45.01973122976193
412 411 16.716010289539696
412 413 11.809999999999945
413 412 11.809999999999945
413 414 16.7089347356436
413 450 62.70905835682748
414 377 41.798497580654605
414 413 16.7089347356436
414 415 11.809999999999945
415 414 11.809999999999945
415 416 16.716010289539856
415 452 62.69915868654056
416 379 41.80980985366962
416 415 16.716010289539856
416 417 11.809999999999945
417 416 11.809999999999945
417 418 16.7089347356436
417 454 62.7090583568277
418 381 56.07983773157691
418 417 16.7089347356436
418 419 11.809999999999945
419 418 11.809999999999945
419 420 139.71185525931583
419 456 62.69915868654056
420 383 97.95062531704426
420 419 139.71185525931583
420 421 11.809999999999945
421 420 11.809999999999945
421 422 16.7089347356436
421 458 88.87671517332316
422 385 97.5948979199222
422 421 16.7089347356436
422 423 11.809999999999945
423 422 11.809999999999945
423 424 16.716010289539856
423 460 88.87671517332316
424 387 88.17456549368417
424 423 16.716010289539856
424 425 11.809999999999945
425 424 11.809999999999945
425 426 16.7089347356436
425 462 88.87671517332294
426 389 86.17563982936247
426 425 16.7089347356436
426 427 11.809999999999945
427 426 11.809999999999945
427 428 16.716010289539696
427 464 88.87671517332316
428 391 85.7710907007717
428 427 16.716010289539696
428 429 11.809999999999945
429 428 11.809999999999945
429 430 16.70893473564376
429 466 88.86673730929934
430 393 76.73360150546809
430 429 16.70893473564376
430 431 11.809999999999945
431 430 11.809999999999945
431 432 16.7089347356436
431 468 59.414665697957226
432 395 75.35958864006632
432 431 16.7089347356436
432 433 11.809999999999945
433 432 11.809999999999945
433 434 16.716010289539696
433 470 59.414665697957226
434 397 75.3595886400661
434 433 16.716010289539696
434 435 11.809999999999945
435 434 11.809999999999945
435 436 16.70893473564376
435 472 59.414665697957
436 399 75.35958864006632
436 435 16.70893473564376
436 437 11.809999999999945
437 436 11.809999999999945
437 438 16.7089347356436
437 474 59.414665697957226
438 401 75.34978234872356
438 437 16.7089347356436
438 439 11.809999999999945
439 438 11.809999999999945
439 440 16.716010289539696
439 476 59.4047153010602
440 403 75.3595886400661
440 439 16.716010289539696
440 441 11.809999999999945
441 440 11.809999999999945
441 442 16.7089347356436
441 478 59.414665697957
442 405 75.3595886400661
442 441 16.7089347356436
442 443 11.809999999999945
443 442 11.809999999999945
443 480 59.414665697957
444 445 11.810000000000173
444 481 66.09369864064199
445 408 75.3595886400661
445 444 11.810000000000173
445 446 16.716010289539856
446 445 16.716010289539856
446 447 11.810000000000173
446 483 66.09369864064199
447 410 75.34978234872356
447 446 11.810000000000173
447 448 16.70893473564376
448 447 16.70893473564376
448 449 11.810000000000173
448 485 66.09369864064222
449 412 75.35958864006632
449 448 11.810000000000173
449 450 16.70893473564392
450 449 16.70893473564392
450 451 11.810000000000173
450 487 66.09369864064199
451 414 75.3595886400661
451 450 11.810000000000173
451 452 16.716010289539856
452 451 16.716010289539856
452 453 11.810000000000173
452 489 66.09369864064199
453 416 75.35958864006632
453 452 11.810000000000173
453 454 16.70893473564376
454 453 16.70893473564376
454 455 11.810000000000173
454 491 66.09369864064199
455 418 75.35958864006632
455 454 11.810000000000173
455 456 16.71601028954002
456 455 16.71601028954002
456 457 11.810000000000173
456 493 71.19572037700024
457 420 78.87397352739382
457 456 11.810000000000173
457 458 16.70893473564376
458 457 16.70893473564376
458 459 11.810000000000173
458 495 71.18575489520364
459 422 78.87397352739382
459 458 11.810000000000173
459 460 16.70893473564376
460 459 16.70893473564376
460 461 11.810000000000173
460 497 71.18575489520364
461 424 78.8642289000532
461 460 11.810000000000173
461 462 16.716010289539856
462 461 16.716010289539856
462 463 11.810000000000173
462 499 71.19572037700001
463 426 78.8739735273936
463 462 11.810000000000173
463 464 16.70893473564392
464 463 16.70893473564392
464 465 11.810000000000173
464 501 71.18575489520364
465 428 78.86422890005342
465 464 11.810000000000173
465 466 16.70893473564376
466 465 16.70893473564376
466 467 11.810000000000173
466 503 71.18575489520364
467 430 78.8642289000532
467 466 11.810000000000173
467 468 136.4819292067635
468 467 136.4819292067635
468 469 11.810000000000173
468 505 77.08688409839912
469 432 73.11721890225317
469 468 11.810000000000173
469 470 16.70893473564376
470 469 16.70893473564376
470 471 11.810000000000173
470 507 77.08688409839912
471 434 73.12692117134434
471 470 11.810000000000173
471 472 16.71601028954002
472 471 16.71601028954002
472 473 11.810000000000173
472 509 77.07691353446884
473 436 73.11721890225317
473 472 11.810000000000173
473 474 16.70893473564376
474 473 16.70893473564376
474 475 11.810000000000173
474 511 77.0868840983989
475 438 73.11721890225317
475 474 11.810000000000173
475 476 16.716010289539856
476 475 16.716010289539856
476 477 11.810000000000173
476 513 77.07691353446907
477 440 73.11721890225317
477 476 11.810000000000173
477 478 16.70893473564392
478 477 16.70893473564392
478 479 11.810000000000173
478 515 77.07691353446884
479 442 73.11721890225296
479 478 11.810000000000173
479 480 16.70893473564376
480 479 16.70893473564376
480 517 907.4727949222499
481 482 16.716010289539856
481 518 907.4727949222499
482 445 77.76204536919016
482 481 16.716010289539856
482 483 11.810000000000173
483 482 11.810000000000173
483 484 16.70893473564392
483 520 907.5052512487188
484 447 77.75216138474882
484 483 16.70893473564392
484 485 11.810000000000173
485 484 11.810000000000173
485 486 16.70893473564376
485 522 907.7003773960876
486 449 77.75216138474882
486 485 16.70893473564376
486 487 11.810000000000173
487 486 11.810000000000173
487 488 16.716010289539856
487 524 895.6498582174844
488 451 77.76204536919016
488 487 16.716010289539856
488 489 11.810000000000173
489 488 11.810000000000173
489 490 16.70893473564376
489 526 895.6828221647437
490 453 77.75216138474859
490 489 16.70893473564376
490 491 11.810000000000173
491 490 11.810000000000173
491 492 125.40680444058833
491 528 895.8814834279143
492 455 61.71562606018016
492 491 125.40680444058833
492 493 11.809999999999945
493 492 11.809999999999945
493 494 16.716010289539696
493 530 1019.8314004525454
494 457 61.71562606018038
494 493 16.716010289539696
494 495 11.809999999999945
495 494 11.809999999999945
495 496 16.7089347356436
495 532 1019.7902957941893
496 459 61.71562606018038
496 495 16.7089347356436
496 497 11.809999999999945
497 496 11.809999999999945
497 498 16.70893473564376
497 534 1019.8969541086002
498 461 61.71562606018016
498 497 16.70893473564376
498 499 11.809999999999945
499 498 11.809999999999945
499 500 16.716010289539696
499 536 1008.0088508539991
500 463 61.71562606018016
500 499 16.716010289539696
500 501 11.809999999999945
501 500 11.809999999999945
501 502 16.7089347356436
501 538 1007.9673461819087
502 465 61.71562606018038
502 501 16.7089347356436
502 503 11.809999999999945
503 502 11.809999999999945
503 504 16.716010289539856
503 540 1008.0752084983542
504 467 61.70604670532694
504 503 16.716010289539856
504 505 11.809999999999945
505 504 11.809999999999945
505 506 16.7089347356436
505 542 996.1763123408426
506 469 90.43111466746394
506 505 16.7089347356436
506 507 11.809999999999945
507 506 11.809999999999945
507 508 16.7089347356436
507 544 996.1453977612906
508 471 90.43111466746394
508 507 16.7089347356436
508 509 11.809999999999945
509 508 11.809999999999945
509 510 16.716010289539696
509 546 996.2534926593734
510 473 90.43111466746372
510 509 16.716010289539696
510 511 11.809999999999945
511 510 11.809999999999945
511 512 16.70893473564376
511 548 984.3537845185542
512 475 90.43111466746394
512 511 16.70893473564376
512 513 11.809999999999945
513 512 11.809999999999945
513 514 16.7089347356436
513 550 984.3224505841569
514 477 90.42130832939775
514 513 16.7089347356436
514 515 11.809999999999945
515 514 11.809999999999945
515 516 842.567467176368
515 552 984.4328075516378
516 479 919.5203509678292
516 515 842.567467176368
516 517 11.809999999999945
517 516 11.809999999999945
517 554 142.37466613130303
518 519 26.4142267727071
518 555 18.670721571487096
519 482 907.5052512487188
519 518 26.4142267727071
519 520 11.809999999999945
520 519 11.809999999999945
520 521 11.809999999999945
520 557 8.352349609540866
521 484 895.763612659054
521 520 11.809999999999945
521 522 26.413779150284316
522 521 26.413779150284316
522 523 11.809999999999945
522 559 8.359416486812941
523 486 895.6498582174844
523 522 11.809999999999945
523 524 11.809999999999945
524 523 11.809999999999945
524 525 26.41422677270705
524 561 25.064113708647128
525 488 895.6828221647437
525 524 26.41422677270705
525 526 11.809999999999945
526 525 11.809999999999945
526 527 11.809999999999945
526 563 18.69064538746586
527 490 883.9422392673631
527 526 11.809999999999945
527 528 26.4142267727071
528 527 26.4142267727071
528 529 11.809999999999945
528 565 18.69380445495238
529 492 1019.8314004525454
529 528 11.809999999999945
529 530 11.809999999999945
530 529 11.809999999999945
530 531 26.413779150284316
