3795
0 1 703.5100000000002
0 61 1503.0963317395863
1 0 703.5100000000002
1 2 1105.509
2 1 1105.509
2 3 940.0531881446921
2 63 1511.3912309408838
3 2 940.0531881446921
3 4 112.48483853391103
4 3 112.48483853391103
4 5 56.07034956195638
4 65 1193.0514314098114
5 4 56.07034956195638
5 6 189.16999999999985
6 5 189.16999999999985
6 7 11.809999999999945
6 67 1175.240898305109
7 6 11.809999999999945
7 8 141.87999999999988
8 7 141.87999999999988
8 9 53.53720388664321
8 69 1179.262515686817
9 8 53.53720388664321
9 10 124.2901142488813
10 9 124.2901142488813
10 11 35.48000000000002
10 71 1169.1691163232117
11 10 35.48000000000002
11 12 165.52999999999997
12 11 165.52999999999997
12 13 48.752088160405954
12 73 1390.307083617141
13 12 48.752088160405954
13 14 23.65000000000009
14 13 23.65000000000009
14 15 70.94000000000005
14 75 1857.259635941082
15 14 70.94000000000005
15 16 82.75999999999999
16 15 82.75999999999999
16 17 11.819999999999936
16 77 75.31919874772976
17 16 11.819999999999936
17 18 82.75999999999999
18 17 82.75999999999999
18 19 70.94000000000005
18 79 62.080130476667
19 18 70.94000000000005
19 20 71.92456117349626
20 19 71.92456117349626
20 21 70.95000000000005
20 81 141.9061524388566
21 20 70.95000000000005
21 22 177.3499999999999
22 21 177.3499999999999
22 23 11.820000000000164
22 83 189.3760177530406
23 22 11.820000000000164
23 24 248.29999999999995
24 23 248.29999999999995
24 25 315.10395491012173
24 85 97.84198076490483
25 24 315.10395491012173
25 26 993.1920000000001
26 25 993.1920000000001
26 27 65.29800150081161
26 87 667.3754946684812
27 26 65.29800150081161
27 28 993.1920000000001
28 27 993.1920000000001
28 29 120.56631909451333
28 89 587.0914494352647
29 28 120.56631909451333
29 30 993.1850000000001
30 29 993.1850000000001
30 31 542.0353394604451
30 91 410.66341159762453
31 30 542.0353394604451
31 32 408.9837518643009
32 31 408.9837518643009
32 33 472.95000000000005
32 93 719.2759321011652
33 32 472.95000000000005
33 34 520.24
34 33 520.24
34 35 304.3195999274445
34 95 572.8947172037809
35 34 304.3195999274445
35 36 700.0947525156862
36 35 700.0947525156862
36 37 306.511478741009
36 97 526.9444549475778
37 36 306.511478741009
37 38 118.24000000000001
38 37 118.24000000000001
38 39 23.61999999999989
38 99 687.9971805901531
39 38 23.61999999999989
39 40 556.5644096598346
40 39 556.5644096598346
40 41 26.412436464665532
40 101 781.3248090903039
41 40 26.412436464665532
41 42 59.12000000000012
42 41 59.12000000000012
42 43 509.29178787802977
42 103 874.0028961622497
43 42 509.29178787802977
43 44 141.8900000000001
44 43 141.8900000000001
44 45 907.759230007605
44 105 719.9162663115759
45 44 907.759230007605
45 46 1424.7602161430534
46 45 1424.7602161430534
46 47 16.7089347356436
46 107 995.9766413425568
47 46 16.7089347356436
47 48 531.9583677319118
48 47 531.9583677319118
48 49 16.713176119457504
48 109 927.0800757755502
49 48 16.713176119457504
49 50 209.47605485114516
50 49 209.47605485114516
50 51 59.11999999999989
50 111 1131.4648223625866
51 50 59.11999999999989
51 52 23.65000000000009
52 51 23.65000000000009
52 53 23.65000000000009
52 113 1135.0109386891386
53 52 23.65000000000009
53 54 94.57999999999993
54 53 94.57999999999993
54 55 35.48000000000002
54 115 1130.8158740237068
55 54 35.48000000000002
55 56 207.00424011357842
56 55 207.00424011357842
56 57 30.144031332918924
56 117 1145.1020843527447
57 56 30.144031332918924
57 58 23.65000000000009
58 57 23.65000000000009
58 59 106.41000000000008
58 119 1141.4196457850198
59 58 106.41000000000008
59 60 18.69696833713958
60 59 18.69696833713958
60 121 1143.4869901879076
61 62 8.361544414759624
61 122 1143.272739782157
62 1 1213.7923818281279
62 61 8.361544414759624
62 63 47.299999999999955
63 62 47.299999999999955
63 64 106.41000000000008
63 124 1148.8399866926638
64 3 1184.7939112959689
64 63 106.41000000000008
64 65 8.35446736782188
65 64 8.35446736782188
65 66 47.299999999999955
65 126 1154.903149977954
66 5 1181.6470217239155
66 65 47.299999999999955
66 67 82.75999999999999
67 66 82.75999999999999
67 68 53.536652164661966
67 128 1152.176343546855
68 7 1171.3527305231335
68 67 53.536652164661966
68 69 59.11999999999989
69 68 59.11999999999989
69 70 94.59000000000015
69 130 1159.6012416016122
70 9 1163.3070125138934
70 69 94.59000000000015
70 71 47.289999999999964
71 70 47.289999999999964
71 72 95.31449260212207
71 132 1155.5255558506703
72 11 1169.7399017320045
72 71 95.31449260212207
72 73 213.89349972357738
73 72 213.89349972357738
73 74 153.67808887736737
73 134 1392.145667621029
74 13 1311.4027729225677
74 73 153.67808887736737
74 75 824.7000479986648
75 74 824.7000479986648
75 76 1809.0190000000002
75 136 1898.28626729374
76 15 1922.5010444046577
76 75 1809.0190000000002
76 77 1953.8604998097996
77 76 1953.8604998097996
77 78 11.819999999999936
77 138 48.696303761168565
78 17 92.01369734990548
78 77 11.819999999999936
78 79 11.829999999999927
79 78 11.829999999999927
79 80 11.820000000000164
79 140 157.06610869312323
80 19 87.73781966746148
80 79 11.820000000000164
80 81 11.819999999999936
81 80 11.819999999999936
81 82 35.47000000000003
81 142 157.05669867917126
82 21 75.27525821941757
82 81 35.47000000000003
82 83 11.829999999999927
83 82 11.829999999999927
83 84 71.91633819932719
83 144 179.49937325795884
84 23 263.9815698112275
84 83 71.91633819932719
84 85 11.819999999999936
85 84 11.819999999999936
85 86 11.830000000000155
85 146 140.10903325624645
86 25 348.41253378717596
86 85 11.830000000000155
86 87 90.43307359589197
87 86 90.43307359589197
87 88 11.819999999999936
87 148 52.829348850804564
88 27 596.7069133871336
88 87 11.819999999999936
88 89 118.82833710862069
89 88 118.82833710862069
89 90 11.819999999999936
89 150 157.74044820527152
90 29 695.370953160973
90 89 11.819999999999936
90 91 11.829999999999927
91 90 11.829999999999927
91 92 141.8800000000001
91 152 157.74044820527175
92 31 1077.6549775085716
92 91 141.8800000000001
92 93 11.829999999999927
93 92 11.829999999999927
93 94 11.819999999999936
93 154 41.7518299000175
94 33 439.25880776599115
94 93 11.819999999999936
94 95 11.820000000000164
95 94 11.820000000000164
95 96 11.829999999999927
95 156 67.37561131448084
96 35 820.4041330953909
96 95 11.829999999999927
96 97 124.29011424888152
97 96 124.29011424888152
97 98 11.829999999999927
97 158 44.981646257112395
98 37 701.828318394178
98 97 11.829999999999927
98 99 11.819999999999936
99 98 11.819999999999936
99 100 11.820000000000164
99 160 44.985588803526774
100 39 664.3265498984667
100 99 11.820000000000164
100 101 11.829999999999927
101 100 11.829999999999927
101 102 59.11999999999989
101 162 44.985588803526774
102 41 818.2417198481141
102 101 59.11999999999989
102 103 11.820000000000164
103 102 11.820000000000164
103 104 11.819999999999936
103 164 44.985588803526774
104 43 750.7625180441548
104 103 11.819999999999936
104 105 11.829999999999927
105 104 11.829999999999927
105 106 11.819999999999936
105 166 44.981646257112395
106 45 1111.321515819792
106 105 11.819999999999936
106 107 18.689060971594877
107 106 18.689060971594877
107 108 11.830000000000155
107 168 153.4698957450615
108 47 990.7110703429128
108 107 11.830000000000155
108 109 11.819999999999936
109 108 11.819999999999936
109 110 11.829999999999927
109 170 153.46989574506128
110 49 937.2939653150446
110 109 11.829999999999927
110 111 11.820000000000164
111 110 11.820000000000164
111 112 130.05999999999995
111 172 241.1424444182318
112 51 1136.088718474046
112 111 130.05999999999995
112 113 11.819999999999936
113 112 11.819999999999936
113 114 11.829999999999927
113 174 85.23802027264598
114 53 1134.0563027222236
114 113 11.829999999999927
114 115 11.820000000000164
115 114 11.820000000000164
115 116 18.695389806045803
115 176 66.84281337585962
116 55 1125.009091582819
116 115 18.695389806045803
116 117 11.830000000000155
117 116 11.830000000000155
117 118 11.819999999999936
117 178 234.23686558695232
118 57 1145.1805316996968
118 117 11.819999999999936
118 119 11.829999999999927
119 118 11.829999999999927
119 120 11.819999999999936
119 180 234.23686558695232
120 59 1136.8180829332368
120 119 11.819999999999936
120 121 11.820000000000164
121 120 11.820000000000164
121 182 52.82487292933136
122 123 11.819999999999936
122 183 127.3275900973548
123 62 1148.992299984643
123 122 11.819999999999936
123 124 11.819999999999936
124 123 11.819999999999936
124 125 11.830000000000155
124 185 172.13889304860768
125 64 1157.6287749637186
125 124 11.830000000000155
125 126 18.69854807197603
126 125 18.69854807197603
126 127 70.94000000000005
126 187 187.8627065172862
127 66 1148.53078854204
127 126 70.94000000000005
127 128 11.819999999999936
128 127 11.819999999999936
128 129 11.830000000000155
128 189 85.23802027264598
129 68 1165.0144769589779
129 128 11.830000000000155
129 130 11.819999999999936
130 129 11.819999999999936
130 131 70.94000000000005
130 191 52.82934885080446
131 70 1157.6101075163438
131 130 70.94000000000005
131 132 11.829999999999927
132 131 11.829999999999927
132 133 11.819999999999936
132 193 172.14850914254237
133 72 1176.7169405443267
133 132 11.819999999999936
133 134 11.820000000000164
134 133 11.820000000000164
134 135 183.35494975593124
134 195 217.99993119264985
135 74 1320.5884749720483
135 134 183.35494975593124
135 136 11.829999999999927
136 135 11.829999999999927
136 137 11.819999999999936
136 197 58.49187977830755
137 76 1912.2275381964878
137 136 11.819999999999936
137 138 11.819999999999936
138 137 11.819999999999936
138 139 124.29058934609661
138 199 58.49895469151566
139 78 157.05669867917126
139 138 124.29058934609661
139 140 11.819999999999936
140 139 11.819999999999936
140 141 11.820000000000164
140 201 59.090007615501165
141 80 157.06610869312323
141 140 11.820000000000164
141 142 11.829999999999927
142 141 11.829999999999927
142 143 11.819999999999936
142 203 130.84873480473536
143 82 179.48982171699885
143 142 11.819999999999936
143 144 11.819999999999936
144 143 11.819999999999936
144 145 11.830000000000155
144 205 130.84873480473556
145 84 239.53645902033367
145 144 11.830000000000155
145 146 118.24000000000001
146 145 118.24000000000001
146 147 11.819999999999936
146 207 44.97245601476524
147 86 140.11789357537467
147 146 11.819999999999936
147 148 11.819999999999936
148 147 11.819999999999936
148 149 11.830000000000155
148 209 44.976399366778956
149 88 47.24000000000001
149 148 11.830000000000155
149 150 35.4699999999998
150 149 35.4699999999998
150 151 11.820000000000164
150 211 686.7998474235415
151 90 157.74044820527175
151 150 11.820000000000164
151 152 11.829999999999927
152 151 11.829999999999927
152 153 11.819999999999936
152 213 693.938981262762
153 92 42.598208882533996
153 152 11.819999999999936
153 154 18.695389806045732
154 153 18.695389806045732
154 155 11.819999999999936
154 215 663.8190411316928
155 94 50.813015065040084
155 154 11.819999999999936
155 156 11.829999999999927
156 155 11.829999999999927
156 157 11.819999999999936
156 217 618.0100221849158
157 96 87.26756843180621
157 156 11.819999999999936
157 158 30.145011195884656
158 157 30.145011195884656
158 159 11.819999999999936
158 219 419.2992884563484
159 98 44.985588803526774
159 158 11.819999999999936
159 160 11.819999999999936
160 159 11.819999999999936
160 161 11.830000000000155
160 221 463.6285817332663
161 100 44.981646257112395
161 160 11.830000000000155
161 162 11.819999999999936
162 161 11.819999999999936
162 163 94.58999999999992
162 223 508.5011443448284
163 102 44.981646257112395
163 162 94.58999999999992
163 164 11.830000000000155
164 163 11.830000000000155
164 165 11.819999999999936
164 225 747.0507366973144
165 104 44.985588803526774
165 164 11.819999999999936
165 166 11.819999999999936
166 165 11.819999999999936
166 167 11.829999999999927
166 227 296.77364331928135
167 106 44.985588803526774
167 166 11.829999999999927
167 168 183.36494457774634
168 167 183.36494457774634
168 169 11.819999999999936
168 229 607.4845804306478
169 108 153.46026521546216
169 168 11.819999999999936
169 170 11.829999999999927
170 169 11.829999999999927
170 171 11.820000000000164
170 231 607.4869744150899
171 110 153.46026521546239
171 170 11.820000000000164
171 172 100.6736216692337
172 171 100.6736216692337
172 173 11.820000000000164
172 233 509.70387177262046
173 112 105.73024969231835
173 172 11.820000000000164
173 174 11.819999999999936
174 173 11.819999999999936
174 175 11.829999999999927
174 235 544.1825135926366
175 114 66.84281337585978
175 174 11.829999999999927
175 176 82.75999999999999
176 175 82.75999999999999
176 177 11.830000000000155
176 237 637.6345838330916
177 116 87.27230488534155
177 176 11.830000000000155
177 178 165.52999999999997
178 177 165.52999999999997
178 179 11.819999999999936
178 239 381.26056732895955
179 118 234.23686558695232
179 178 11.819999999999936
179 180 11.829999999999927
180 179 11.829999999999927
180 181 11.820000000000164
180 241 381.2633584544941
181 120 234.23686558695255
181 180 11.820000000000164
181 182 242.45179809603403
182 181 242.45179809603403
182 243 389.34962206222826
183 184 11.819999999999936
183 244 398.9272085230588
184 123 149.5377945537514
184 183 11.819999999999936
184 185 11.830000000000155
185 184 11.830000000000155
185 186 11.819999999999936
185 246 421.4242894043959
186 125 194.98894840477504
186 185 11.819999999999936
186 187 11.819999999999936
187 186 11.819999999999936
187 188 18.689060971595094
187 248 447.79817440449665
188 127 105.73024969231835
188 187 18.689060971595094
188 189 11.819999999999936
189 188 11.819999999999936
189 190 11.829999999999927
189 250 439.54079093981716
190 129 66.84281337585962
190 189 11.829999999999927
190 191 11.820000000000164
191 190 11.820000000000164
191 192 94.58999999999992
191 252 439.534872791682
192 131 149.53779455375164
192 191 94.58999999999992
192 193 11.829999999999927
193 192 11.829999999999927
193 194 11.819999999999936
193 254 396.20892531592494
194 133 194.98894840477482
194 193 11.819999999999936
194 195 11.820000000000164
195 194 11.820000000000164
195 196 11.829999999999927
195 256 396.2134015906076
196 135 58.49895469151549
196 195 11.829999999999927
196 197 11.819999999999936
197 196 11.819999999999936
197 198 11.820000000000164
197 258 396.2134015906077
198 137 58.491879778307705
198 197 11.820000000000164
198 199 11.829999999999927
199 198 11.829999999999927
199 200 11.819999999999936
199 260 396.21026817713863
200 139 79.29545068917886
200 199 11.819999999999936
200 201 11.830000000000155
201 200 11.830000000000155
201 202 88.87605076734684
201 262 396.20892531592483
202 141 130.84873480473536
202 201 88.87605076734684
202 203 11.829999999999927
203 202 11.829999999999927
203 204 11.820000000000164
203 264 460.7483380859881
204 143 130.84873480473556
204 203 11.820000000000164
204 205 11.819999999999936
205 204 11.819999999999936
205 206 11.829999999999927
205 266 492.99068392414887
206 145 130.84873480473536
206 205 11.829999999999927
206 207 11.820000000000164
207 206 11.820000000000164
207 208 11.819999999999936
207 268 527.5143907648398
208 147 44.97245601476524
208 207 11.819999999999936
208 209 11.829999999999927
209 208 11.829999999999927
209 210 373.853974300127
209 270 563.8939309134298
210 149 394.2901334043243
210 209 373.853974300127
210 211 993.189
211 210 993.189
211 212 8.35870929031512
211 272 287.1076318194974
212 151 693.9331540602453
212 211 8.35870929031512
212 213 11.82400000000007
213 212 11.82400000000007
213 214 11.823999999999955
213 274 259.3578140330459
214 153 693.9350964607569
214 213 11.823999999999955
214 215 11.822999999999979
215 214 11.822999999999979
215 216 11.82400000000007
215 276 239.16747867550902
216 155 640.8923354581485
216 215 11.82400000000007
216 217 11.823999999999955
217 216 11.823999999999955
217 218 934.0690000000001
217 278 227.17612770711636
218 157 383.5134334022734
218 217 934.0690000000001
218 219 11.819999999999936
219 218 11.819999999999936
219 220 11.829999999999927
219 280 960.6404969893784
220 159 441.39180984698834
220 219 11.829999999999927
220 221 11.820000000000164
221 220 11.820000000000164
221 222 11.819999999999936
221 282 1006.6897286994639
222 161 486.0073202123607
222 221 11.819999999999936
222 223 11.829999999999927
223 222 11.829999999999927
223 224 148.8473318538159
223 284 1052.8495940541554
224 163 747.0410029576689
224 223 148.8473318538159
224 225 11.819999999999936
225 224 11.819999999999936
225 226 981.364
225 286 1206.1182478032574
226 165 296.77119310337383
226 225 981.364
226 227 11.822999999999979
227 226 11.822999999999979
227 228 217.1607783555769
227 288 300.9367625332605
228 167 486.3771606778016
228 227 217.1607783555769
228 229 11.823999999999955
229 228 11.823999999999955
229 230 11.823000000000093
229 290 171.5448348071139
230 169 607.4821864515865
230 229 11.823000000000093
230 231 11.823999999999955
231 230 11.823999999999955
231 232 11.823999999999955
231 292 218.81782547132678
232 171 607.4837824370295
232 231 11.823999999999955
232 233 945.898
233 232 945.898
233 234 11.819999999999936
233 294 1200.1215519892141
234 173 526.6948574839136
234 233 11.819999999999936
234 235 11.820000000000164
235 234 11.820000000000164
235 236 11.829999999999927
235 296 1247.408000349525
236 175 562.1358420346456
236 235 11.829999999999927
236 237 11.819999999999936
237 236 11.819999999999936
237 238 585.299838544314
237 298 1294.7054888908133
238 177 369.1515626406044
238 237 585.299838544314
238 239 11.829999999999927
239 238 11.829999999999927
239 240 11.819999999999936
239 300 721.239
240 179 381.26056732895955
240 239 11.819999999999936
240 241 11.820000000000164
241 240 11.820000000000164
241 242 11.829999999999927
241 302 721.2459999999999
242 181 381.26056732895955
242 241 11.829999999999927
242 243 11.819999999999936
243 242 11.819999999999936
243 304 721.2440000000001
244 245 11.829999999999927
244 305 721.2469999999998
245 184 409.6478392473223
245 244 11.829999999999927
245 246 11.819999999999936
246 245 11.819999999999936
246 247 11.830000000000155
246 307 721.244
247 186 434.1706533150301
247 246 11.830000000000155
247 248 11.819999999999936
248 247 11.819999999999936
248 249 11.819999999999936
248 309 721.242
249 188 439.534872791682
249 248 11.819999999999936
249 250 11.829999999999927
250 249 11.829999999999927
250 251 11.820000000000164
250 311 721.239
251 190 439.5348727916821
251 250 11.820000000000164
251 252 11.819999999999936
252 251 11.819999999999936
252 253 11.829999999999927
252 313 721.2470000000001
253 192 396.2134015906076
253 252 11.829999999999927
253 254 11.820000000000164
254 253 11.820000000000164
254 255 11.819999999999936
254 315 668.6893555822463
255 194 396.20892531592494
255 254 11.819999999999936
255 256 11.829999999999927
256 255 11.829999999999927
256 257 11.82000000000005
256 317 621.4420073506458
257 196 396.2089253159249
257 256 11.82000000000005
257 258 11.830000000000041
258 257 11.830000000000041
258 259 11.81899999999996
258 319 574.202834501015
259 198 396.2129539540575
259 258 11.81899999999996
259 260 11.823999999999955
260 259 11.823999999999955
260 261 11.823000000000093
260 321 526.9800261907467
261 200 396.2116110565163
261 260 11.823000000000093
261 262 11.823999999999955
262 261 11.823999999999955
262 263 11.822999999999979
262 323 479.76765737594275
263 202 445.62860052851187
263 262 11.822999999999979
263 264 11.823999999999955
264 263 11.823999999999955
264 265 11.82400000000007
264 325 432.5731232936231
265 204 476.556117158305
265 264 11.82400000000007
265 266 11.822999999999979
266 265 11.822999999999979
266 267 11.823999999999955
266 327 385.4029758577378
267 206 510.0000712784264
267 266 11.823999999999955
267 268 11.82400000000007
268 267 11.82400000000007
268 269 11.823999999999955
268 329 338.26542474216893
269 208 545.4914020367324
269 268 11.823999999999955
269 270 11.822999999999979
270 269 11.822999999999979
270 271 11.82400000000007
270 331 291.1812550628904
271 210 842.0293082363582
271 270 11.82400000000007
271 272 11.822999999999979
272 271 11.822999999999979
272 273 11.823999999999955
272 333 244.17820110730602
273 212 271.98717132247265
273 272 11.823999999999955
273 274 11.82400000000007
274 273 11.82400000000007
274 275 11.822999999999979
274 335 197.31226267011385
275 214 248.3437107498397
275 274 11.822999999999979
275 276 11.823999999999955
276 275 11.823999999999955
276 277 11.82400000000007
276 337 150.7172137348618
277 216 232.04699960137393
277 276 11.82400000000007
277 278 11.823999999999955
278 277 11.823999999999955
278 279 11.822999999999979
278 339 104.74860810531086
279 218 937.6668332536883
279 278 11.822999999999979
279 280 11.82400000000007
280 279 11.82400000000007
280 281 11.822999999999979
280 341 60.85145303113148
281 220 983.6546930000385
281 280 11.822999999999979
281 282 11.823999999999955
282 281 11.823999999999955
282 283 11.82400000000007
282 343 30.115986518790958
283 222 1029.7523693340065
283 282 11.82400000000007
283 284 11.822999999999979
284 283 11.822999999999979
284 285 11.823999999999955
284 345 50.83788768231823
285 224 1206.1143069692855
285 284 11.823999999999955
285 286 11.82400000000007
286 285 11.82400000000007
286 287 11.822999999999979
286 347 93.46554757770373
287 226 300.93603567701894
287 286 11.822999999999979
287 288 11.823999999999955
288 287 11.823999999999955
288 289 11.82400000000007
288 349 139.14167486414698
289 228 147.91411601331367
289 288 11.82400000000007
289 290 11.822999999999979
290 289 11.822999999999979
290 291 11.823999999999955
290 351 185.62986735975443
291 230 195.17949738638023
291 290 11.823999999999955
291 292 11.82400000000007
292 291 11.82400000000007
292 293 11.822999999999979
292 353 232.4453844325587
293 232 242.45704016381953
293 292 11.822999999999979
293 294 11.823999999999955
294 293 11.823999999999955
294 295 11.82400000000007
294 355 279.42078955582383
295 234 1223.7652708346482
295 294 11.82400000000007
295 296 11.822999999999979
296 295 11.822999999999979
296 297 11.823999999999955
296 357 326.4881979490223
297 236 1271.0617398081022
297 296 11.823999999999955
297 298 11.82400000000007
298 297 11.82400000000007
298 299 11.822999999999979
298 359 373.61483350637997
299 238 721.245
299 298 11.822999999999979
299 300 11.823999999999955
300 299 11.823999999999955
300 301 11.824000000000012
300 361 420.77748098014945
301 240 721.2430000000002
301 300 11.824000000000012
301 302 11.822999999999979
302 301 11.822999999999979
302 303 11.824000000000012
302 363 467.96664203338247
303 242 721.24
303 302 11.824000000000012
303 304 11.824000000000012
304 303 11.824000000000012
304 365 515.1770276322499
305 306 11.824000000000012
305 366 538.7858549331078
306 245 721.241
306 305 11.824000000000012
306 307 11.822999999999979
307 306 11.822999999999979
307 308 11.824000000000012
307 368 586.0184945682175
308 247 721.2379999999998
308 307 11.824000000000012
308 309 11.824000000000012
309 308 11.824000000000012
309 310 11.824000000000012
309 370 633.2509018896063
310 249 721.2460000000001
310 309 11.824000000000012
310 311 11.822999999999979
311 310 11.822999999999979
311 312 11.824000000000012
311 372 680.5000226164581
312 251 721.2429999999999
312 311 11.824000000000012
312 313 11.824000000000012
313 312 11.824000000000012
313 314 34.446866272565316
313 374 727.756362767788
314 253 692.3110765118525
314 313 34.446866272565316
314 315 11.824000000000012
315 314 11.824000000000012
315 316 11.823000000000036
315 376 721.247
316 255 645.0702660454906
316 315 11.823000000000036
316 317 11.823999999999955
317 316 11.823999999999955
317 318 11.824000000000012
317 378 721.24
318 257 597.8257723751963
318 317 11.824000000000012
318 319 11.823000000000036
319 318 11.823000000000036
319 320 11.823999999999955
319 380 721.2429999999999
320 259 550.5924635336012
320 319 11.823999999999955
320 321 11.824000000000012
321 320 11.824000000000012
321 322 11.822999999999979
321 382 721.245
322 261 503.3729243175481
322 321 11.822999999999979
322 323 11.824000000000012
323 322 11.824000000000012
323 324 11.823000000000036
323 384 721.248
324 263 456.16881287961803
324 323 11.823000000000036
324 325 11.823999999999955
325 324 11.823999999999955
325 326 11.824000000000012
325 386 1560.7656069509605
326 265 408.9834763850491
326 325 11.824000000000012
326 327 11.823000000000036
327 326 11.823000000000036
327 328 11.823999999999955
327 388 1513.4700009501346
328 267 361.8290311514543
328 327 11.823999999999955
328 329 11.82400000000007
329 328 11.82400000000007
329 330 11.823999999999955
329 390 1466.1834845939304
330 269 314.7144788153224
330 329 11.823999999999955
330 331 11.822999999999979
331 330 11.822999999999979
331 332 11.82400000000007
331 392 1418.8880674390773
332 271 267.6659222314263
332 331 11.82400000000007
332 333 11.822999999999979
333 332 11.822999999999979
333 334 11.823999999999955
333 394 1371.5927594457473
334 273 220.72229960744795
334 333 11.823999999999955
334 335 11.823999999999955
335 334 11.823999999999955
335 336 11.823000000000093
335 396 1324.3065719522801
336 275 173.96857772597897
336 335 11.823000000000093
336 337 11.823999999999955
337 336 11.823999999999955
337 338 11.823999999999955
337 398 1277.0115190745148
338 277 127.61170324072947
338 337 11.823999999999955
338 339 11.82400000000007
339 338 11.82400000000007
339 340 11.822999999999979
339 400 1229.7156160190048
340 279 82.33199995141625
340 339 11.822999999999979
340 341 11.823999999999955
341 340 11.823999999999955
341 342 11.823000000000093
341 402 1182.4208806698232
342 281 41.78294508528564
342 341 11.823000000000093
342 343 11.823999999999955
343 342 11.823999999999955
343 344 11.823999999999955
343 404 1135.1363334969944
344 283 34.446866272565316
344 343 11.823999999999955
344 345 11.823000000000093
345 344 11.823000000000093
345 346 11.823999999999955
345 406 1087.84200014708
346 285 71.42073788473482
346 345 11.823999999999955
346 347 11.823999999999955
347 346 11.823999999999955
347 348 11.82400000000007
347 408 1040.5469092741566
348 287 116.14183796117577
348 347 11.82400000000007
348 349 11.822999999999979
349 348 11.822999999999979
349 350 11.823999999999955
349 410 993.2630946778402
350 289 162.32857203831986
350 349 11.823999999999955
350 351 11.823000000000093
351 350 11.823000000000093
351 352 11.823999999999955
351 412 945.9695993085611
352 291 209.01058417218968
352 351 11.823999999999955
352 353 11.823999999999955
353 352 11.823999999999955
353 354 11.822999999999979
353 414 898.675472906655
354 293 255.91742450251405
354 353 11.822999999999979
354 355 11.82400000000007
355 354 11.82400000000007
355 356 11.823999999999955
355 416 851.382776781983
356 295 302.94666678476597
356 355 11.823999999999955
356 357 11.822999999999979
357 356 11.822999999999979
357 358 11.82400000000007
357 418 804.1005858697033
358 297 350.0458051512687
358 357 11.82400000000007
358 359 11.823999999999955
359 358 11.823999999999955
359 360 11.822999999999979
359 420 756.8079972199025
360 299 397.1912553971953
360 359 11.822999999999979
360 361 11.82400000000007
361 360 11.82400000000007
361 362 11.823999999999955
361 422 709.5171298573416
362 301 444.37027290762825
362 361 11.823999999999955
362 363 11.822999999999979
363 362 11.822999999999979
363 364 11.82400000000007
363 424 662.2271384381646
364 303 491.5697773704157
364 363 11.82400000000007
364 365 11.823999999999955
365 364 11.823999999999955
365 426 614.9472233907557
366 367 11.82400000000007
366 427 591.2987525447691
367 306 562.3998028769214
367 366 11.82400000000007
367 368 11.826999999999998
368 367 11.826999999999998
368 369 11.819999999999936
368 429 544.0079911177775
369 308 609.6336208117133
369 368 11.819999999999936
369 370 11.819999999999936
370 369 11.819999999999936
370 371 11.830000000000155
370 431 496.7401735313947
371 310 656.8800952654907
371 370 11.830000000000155
371 372 11.819999999999936
372 371 11.819999999999936
372 373 11.819999999999936
372 433 449.45492543746803
373 312 704.1224978006312
373 372 11.819999999999936
373 374 11.830000000000155
374 373 11.830000000000155
374 375 11.819999999999936
374 435 402.1731467912794
375 314 721.241
375 374 11.819999999999936
375 376 11.829999999999927
376 375 11.829999999999927
376 377 11.820000000000164
376 437 354.90621873954257
377 316 721.2440000000001
377 376 11.820000000000164
377 378 11.819999999999936
378 377 11.819999999999936
378 379 11.829999999999927
378 439 307.64638206876396
379 318 721.246
379 378 11.829999999999927
379 380 11.819999999999936
380 379 11.819999999999936
380 381 11.820000000000164
380 441 260.3875081489127
381 320 721.239
381 380 11.820000000000164
381 382 11.829999999999927
382 381 11.829999999999927
382 383 11.819999999999936
382 443 213.14687987394976
383 322 721.242
383 382 11.819999999999936
383 384 11.830000000000155
384 383 11.830000000000155
384 385 11.819999999999936
384 445 165.95005543837576
385 324 721.245
385 384 11.819999999999936
385 386 851.3817768780349
386 385 851.3817768780349
386 387 11.820000000000164
386 447 721.24
387 326 1537.1222930947945
387 386 11.820000000000164
387 388 11.829999999999927
388 387 11.829999999999927
388 389 11.819999999999936
388 449 721.2399999999998
389 328 1489.8267309992798
389 388 11.819999999999936
389 390 11.819999999999936
390 389 11.819999999999936
390 391 11.829999999999927
390 451 721.25
391 330 1442.5302632263906
391 390 11.829999999999927
391 392 11.820000000000164
392 391 11.820000000000164
392 393 11.819999999999936
392 453 721.24
393 332 1395.2448989424759
393 392 11.819999999999936
393 394 11.829999999999927
394 393 11.829999999999927
394 395 11.820000000000164
394 455 721.24
395 334 1347.9496498029887
395 394 11.820000000000164
395 396 11.819999999999936
396 395 11.819999999999936
396 397 11.829999999999927
396 457 721.25
397 336 1300.6545279977308
397 396 11.829999999999927
397 398 11.819999999999936
398 397 11.819999999999936
398 399 11.830000000000155
398 459 656.87410133145
399 338 1253.3585479857707
399 398 11.830000000000155
399 400 11.819999999999936
400 399 11.819999999999936
400 401 11.819999999999936
400 461 609.6356184640134
401 340 1206.073725879144
401 400 11.819999999999936
401 402 11.830000000000155
402 401 11.830000000000155
402 403 11.819999999999936
402 463 562.3958083947638
403 342 1158.7790820346215
403 402 11.819999999999936
403 404 11.819999999999936
404 403 11.819999999999936
404 405 11.830000000000155
404 465 515.1770276322501
405 344 1111.4836387644218
405 404 11.830000000000155
405 406 11.819999999999936
406 405 11.819999999999936
406 407 11.819999999999936
406 467 467.96265000531827
407 346 1064.1994220802792
407 406 11.819999999999936
407 408 11.829999999999927
408 407 11.829999999999927
408 409 11.820000000000164
408 469 420.77748098014945
409 348 1016.904464979872
409 408 11.820000000000164
409 410 11.819999999999936
410 409 11.819999999999936
410 411 11.829999999999927
410 471 373.6188209927332
411 350 969.6108046639126
411 410 11.829999999999927
411 412 11.820000000000164
412 411 11.820000000000164
412 413 11.829999999999927
412 473 326.4881979490222
413 352 922.3174868579691
413 412 11.829999999999927
413 414 11.819999999999936
414 413 11.819999999999936
414 415 11.819999999999936
414 475 279.42476715566943
415 354 875.0345661886737
415 414 11.819999999999936
415 416 11.830000000000155
416 415 11.830000000000155
416 417 11.819999999999936
416 477 232.44340063766055
417 356 827.74111269708
417 416 11.819999999999936
417 418 11.819999999999936
418 417 11.819999999999936
418 419 11.830000000000155
418 479 185.63381642362467
419 358 780.4492101347786
419 418 11.830000000000155
419 420 11.819999999999936
420 419 11.819999999999936
420 421 11.829999999999927
420 481 139.1397204251899
421 360 733.1579652223661
421 420 11.829999999999927
421 422 11.820000000000164
422 421 11.820000000000164
422 423 11.819999999999936
422 483 93.46744513465622
423 362 685.8765126646341
423 422 11.819999999999936
423 424 11.829999999999927
424 423 11.829999999999927
424 425 11.819999999999936
424 485 50.83625969718866
425 364 638.587031252593
425 424 11.819999999999936
425 426 11.820000000000164
426 425 11.820000000000164
426 487 30.115593967245598
427 428 11.819999999999936
427 488 41.78294508528564
428 367 567.659657161754
428 427 11.819999999999936
428 429 11.830000000000155
429 428 11.830000000000155
429 430 11.819999999999936
429 490 82.33760076660005
430 369 520.3738056435969
430 429 11.819999999999936
430 431 11.819999999999936
431 430 11.819999999999936
431 432 11.829999999999927
431 492 127.61364895652801
432 371 473.0871839312496
432 431 11.829999999999927
432 433 11.820000000000164
433 432 11.820000000000164
433 434 11.819999999999936
433 494 173.96463577405615
434 373 425.8235263580443
434 433 11.819999999999936
434 435 11.829999999999927
435 434 11.829999999999927
435 436 11.820000000000164
435 496 220.72428162755452
436 375 378.54395993067953
436 435 11.820000000000164
436 437 11.819999999999936
437 436 11.819999999999936
437 438 11.829999999999927
437 498 267.66393444018564
438 377 331.2702274578867
438 437 11.829999999999927
438 439 11.820000000000164
439 438 11.820000000000164
439 440 11.819999999999936
439 500 314.71846116807336
440 379 284.01523357031397
440 439 11.819999999999936
440 441 11.829999999999927
441 440 11.829999999999927
441 442 11.819999999999936
441 502 361.8270378233223
442 381 236.774218191086
442 441 11.819999999999936
442 443 11.830000000000155
443 442 11.830000000000155
443 444 11.819999999999936
443 504 406.325145296227
444 383 189.5476520561519
444 443 11.819999999999936
444 445 11.819999999999936
445 444 11.819999999999936
445 446 11.830000000000155
445 506 406.315251498144
446 385 142.36985074094852
446 445 11.830000000000155
446 447 11.819999999999936
447 446 11.819999999999936
447 448 11.829999999999927
447 508 406.315251498144
448 387 721.2499999999998
448 447 11.829999999999927
448 449 11.819999999999936
449 448 11.819999999999936
449 450 11.820000000000164
449 510 406.325145296227
450 389 721.24
450 449 11.820000000000164
450 451 11.829999999999927
451 450 11.829999999999927
451 452 11.819999999999936
451 512 406.325145296227
452 391 721.24
452 451 11.819999999999936
452 453 11.820000000000164
453 452 11.820000000000164
453 454 11.829999999999927
453 514 406.315251498144
454 393 721.25
454 453 11.829999999999927
454 455 11.819999999999936
455 454 11.819999999999936
455 456 11.820000000000164
455 516 406.315251498144
456 395 721.24
456 455 11.820000000000164
456 457 11.829999999999927
457 456 11.829999999999927
457 458 41.78294508528564
457 518 142.84147576946964
458 397 680.501021674472
458 457 41.78294508528564
458 459 11.830000000000155
459 458 11.830000000000155
459 460 11.819999999999936
459 520 71.41163280586711
460 399 633.2489040653761
460 459 11.819999999999936
460 461 11.819999999999936
461 460 11.819999999999936
461 462 11.830000000000155
461 522 34.44892596293822
462 401 586.014499649966
462 461 11.830000000000155
462 463 11.819999999999936
463 462 11.819999999999936
463 464 11.819999999999936
463 524 68.92357579232227
464 403 538.7898489207086
464 463 11.819999999999936
464 465 11.829999999999927
465 464 11.829999999999927
465 466 11.820000000000164
465 526 68.92357579232247
466 405 491.56778098243973
466 465 11.820000000000164
466 467 11.829999999999927
467 466 11.829999999999927
467 468 11.819999999999936
467 528 68.91499836755435
468 407 444.37226848668234
468 467 11.819999999999936
468 469 11.820000000000164
469 468 11.820000000000164
469 470 11.829999999999927
469 530 68.92357579232227
470 409 397.18926093236706
470 469 11.829999999999927
470 471 11.819999999999936
471 470 11.819999999999936
471 472 11.820000000000164
471 532 68.92357579232247
472 411 350.04779802192724
472 471 11.820000000000164
472 473 11.829999999999927
473 472 11.829999999999927
473 474 11.819999999999936
473 534 68.91499836755416
474 413 302.94268583347576
474 473 11.819999999999936
474 475 11.819999999999936
475 474 11.819999999999936
475 476 11.830000000000155
475 536 68.92357579232247
476 415 255.9194111434301
476 475 11.830000000000155
476 477 11.819999999999936
477 476 11.819999999999936
477 478 11.819999999999936
477 538 68.92357579232227
478 417 209.01652398793743
478 477 11.819999999999936
478 479 11.830000000000155
479 478 11.830000000000155
479 480 11.819999999999936
479 540 68.92357579232227
480 419 162.32857203831975
480 479 11.819999999999936
480 481 11.829999999999927
481 480 11.829999999999927
481 482 11.819999999999936
481 542 68.91499836755435
482 421 116.13700228609328
482 481 11.819999999999936
482 483 11.820000000000164
483 482 11.820000000000164
483 484 11.829999999999927
483 544 68.92357579232227
484 423 71.42073788473482
484 483 11.829999999999927
484 485 11.819999999999936
485 484 11.819999999999936
485 486 11.820000000000164
485 546 68.92357579232247
486 425 34.44892596293822
486 485 11.820000000000164
486 487 11.829999999999927
487 486 11.829999999999927
487 548 68.92357579232227
488 489 11.830000000000155
488 549 68.92357579232247
489 428 60.854950497063115
489 488 11.830000000000155
489 490 11.819999999999936
490 489 11.819999999999936
490 491 11.819999999999936
490 551 68.92357579232227
491 430 104.74860810531086
491 490 11.819999999999936
491 492 11.829999999999927
492 491 11.829999999999927
492 493 11.820000000000164
492 553 68.91499836755435
493 432 150.72113620856229
493 492 11.820000000000164
493 494 11.819999999999936
494 493 11.819999999999936
494 495 11.829999999999927
494 555 68.92357579232227
495 434 197.31226267011374
495 494 11.829999999999927
495 496 11.820000000000164
496 495 11.820000000000164
496 497 11.819999999999936
496 557 68.92357579232227
497 436 244.17224514674072
497 496 11.819999999999936
497 498 11.829999999999927
498 497 11.829999999999927
498 499 11.819999999999936
498 559 68.92357579232247
499 438 291.1812550628902
499 498 11.819999999999936
499 500 11.830000000000155
500 499 11.830000000000155
500 501 11.819999999999936
500 561 68.91499836755416
501 440 338.2614400134902
501 500 11.819999999999936
501 502 11.819999999999936
502 501 11.819999999999936
502 503 11.830000000000155
502 563 68.92357579232247
503 442 385.4029758577378
503 502 11.830000000000155
503 504 30.11559396724555
504 503 30.11559396724555
504 505 11.819999999999936
504 565 18.67008837686641
505 444 406.325145296227
505 504 11.819999999999936
505 506 11.829999999999927
506 505 11.829999999999927
506 507 11.820000000000164
506 567 18.67008837686634
507 446 406.325145296227
507 506 11.820000000000164
507 508 11.829999999999927
508 507 11.829999999999927
508 509 11.819999999999936
508 569 18.673256277361006
509 448 406.325145296227
509 508 11.819999999999936
509 510 11.819999999999936
510 509 11.819999999999936
510 511 11.830000000000155
510 571 18.67008837686634
511 450 406.315251498144
511 510 11.830000000000155
511 512 11.819999999999936
512 511 11.819999999999936
512 513 11.819999999999936
512 573 18.67008837686641
513 452 406.325145296227
513 512 11.819999999999936
513 514 11.830000000000155
514 513 11.830000000000155
514 515 11.819999999999936
514 575 18.67008837686641
515 454 406.325145296227
515 514 11.819999999999936
515 516 11.829999999999927
516 515 11.829999999999927
516 517 283.76
516 577 18.67325627736093
517 456 142.84147576946984
517 516 283.76
517 518 11.830000000000155
518 517 11.830000000000155
518 519 11.819999999999936
518 579 438.1171701725464
519 458 93.46744513465643
519 518 11.819999999999936
519 520 11.829999999999927
520 519 11.829999999999927
520 521 11.819999999999936
520 581 485.3550790915863
521 460 50.83625969718866
521 520 11.819999999999936
521 522 11.820000000000164
522 521 11.820000000000164
522 523 11.829999999999927
522 583 516.4166791458233
523 462 30.117558001936334
523 522 11.829999999999927
523 524 77.08611807582469
524 523 77.08611807582469
524 525 11.820000000000164
524 585 429.9369707294315
525 464 68.92357579232247
525 524 11.820000000000164
525 526 11.829999999999927
526 525 11.829999999999927
526 527 11.819999999999936
526 587 385.34900648632777
527 466 68.92357579232227
527 526 11.819999999999936
527 528 11.820000000000164
