417
0 1 136.0983798581012
0 20 83.98704304831776
1 0 136.0983798581012
1 2 30.143052267479447
2 1 30.143052267479447
2 3 23.6400000000001
2 22 145.98891533263756
3 2 23.6400000000001
3 4 70.94999999999982
4 3 70.94999999999982
4 5 8.365076210053267
4 24 113.68627669600242
5 4 8.365076210053267
5 6 11.829999999999927
6 5 11.829999999999927
6 7 70.94000000000005
6 26 111.50861222345107
7 6 70.94000000000005
7 8 213.15741835554297
8 7 213.15741835554297
8 9 189.17999999999984
8 28 101.66671087430748
9 8 189.17999999999984
9 10 195.17919484412258
10 9 195.17919484412258
10 11 70.94000000000005
10 30 168.23634238772536
11 10 70.94000000000005
11 12 35.48000000000002
12 11 35.48000000000002
12 13 136.108370425922
12 32 631.9232087049818
13 12 136.108370425922
13 14 23.649999999999864
14 13 23.649999999999864
14 15 177.36000000000013
14 34 520.2959105163138
15 14 177.36000000000013
15 16 112.48483853391103
16 15 112.48483853391103
16 17 130.06000000000017
16 36 397.34386241642125
17 16 130.06000000000017
17 18 11.819999999999936
18 17 11.819999999999936
18 19 88.86673730929932
18 38 314.436536840107
19 18 88.86673730929932
20 21 106.41100000000006
20 40 648.8877867774983
21 1 183.5347236928207
21 20 106.41100000000006
21 22 343.0843282066379
22 21 343.0843282066379
22 23 295.59000000000015
22 42 845.8199403513729
23 3 145.99822909884907
23 22 295.59000000000015
23 24 35.46699999999987
24 23 35.46699999999987
24 25 53.53311917869148
24 44 502.8269775270614
25 5 75.20082246890648
25 24 53.53311917869148
25 26 136.0983798581012
26 25 136.0983798581012
26 27 70.93999999999983
26 46 508.0217398891508
27 7 111.50861222345125
27 26 70.93999999999983
27 28 201.34665654040546
28 27 201.34665654040546
28 29 23.65000000000009
28 48 737.0705042260206
29 9 255.21525542177133
29 28 23.65000000000009
29 30 212.81999999999994
30 29 212.81999999999994
30 31 65.29709717897123
30 50 689.6777446779039
31 11 164.66228044090718
31 30 65.29709717897123
31 32 732.8463315729975
32 31 732.8463315729975
32 33 993.1859999999999
32 52 685.6024692195908
33 13 557.0883581946404
33 32 993.1859999999999
33 34 987.2936889679788
34 33 987.2936889679788
34 35 993.188
34 54 1229.783934069721
35 15 381.1892980711814
35 34 993.188
35 36 786.4774233148717
36 35 786.4774233148717
36 37 993.192
36 56 1032.6467911444843
37 17 557.6381725312569
37 36 993.192
37 38 660.6873858671739
38 37 660.6873858671739
38 39 403.78141722966893
38 58 650.5207304221749
39 19 594.2371487882594
39 38 403.78141722966893
40 41 578.5629565647976
40 60 855.360535499505
41 21 500.5619561662673
41 40 578.5629565647976
41 42 532.064
42 41 532.064
42 43 414.49753603127726
42 62 817.6343924713541
43 23 484.2099999999998
43 42 414.49753603127726
43 44 77.08688409839912
44 43 77.08688409839912
44 45 354.712
44 64 647.4477166536307
45 25 567.312646486926
45 44 354.712
45 46 277.9146342026629
46 45 277.9146342026629
46 47 437.47199999999987
46 66 624.7756881473541
47 27 710.7116592993252
47 46 437.47199999999987
47 48 165.95276172453407
48 47 165.95276172453407
48 49 153.70799999999997
48 68 797.2698312215257
49 29 839.4861963868138
49 48 153.70799999999997
49 50 192.93039603960807
50 49 192.93039603960807
50 51 97.49350399385595
50 70 563.39459253706
51 31 719.4586695015912
51 50 97.49350399385595
51 52 608.9495826757744
52 51 608.9495826757744
52 53 673.9519999999999
52 72 467.43460569474314
53 33 523.2374055015563
53 52 673.9519999999999
53 54 25.071180586482175
54 53 25.071180586482175
54 55 668.0620534770704
54 74 626.7278846652667
55 35 752.2232954010399
55 54 668.0620534770704
55 56 624.1307480656598
56 55 624.1307480656598
56 57 587.9310307008808
56 76 690.0484855261983
57 37 1002.8158230024096
57 56 587.9310307008808
57 58 77.07637711387336
58 57 77.07637711387336
58 59 461.7245486217948
58 78 235.33763932061518
59 39 550.7297779573936
59 58 461.7245486217948
60 61 277.912740846835
60 80 34.44464000392512
61 41 670.3137920526476
61 60 277.912740846835
61 62 201.0
62 61 201.0
62 63 23.65000000000009
62 82 82.32683144637592
63 43 628.7197680652328
63 62 23.65000000000009
63 64 183.36513773343066
64 63 183.36513773343066
64 65 141.8900000000001
64 84 190.64883110053424
65 45 731.3949690857875
65 64 141.8900000000001
65 66 23.639999999999873
66 65 23.639999999999873
66 67 94.59000000000003
66 86 127.61249204133568
67 47 748.7459832706951
67 66 94.59000000000003
67 68 254.27855064082766
68 67 254.27855064082766
68 69 153.7099999999998
68 88 30.11069120760925
69 49 797.2685558204338
69 68 153.7099999999998
69 70 82.77000000000021
70 69 82.77000000000021
70 71 632.5975607959615
70 90 150.72015666459498
71 51 1110.4989533187324
71 70 632.5975607959615
71 72 425.6500000000001
72 71 425.6500000000001
72 73 141.88999999999987
72 92 41.780118190354536
73 53 685.6599572710952
73 72 141.88999999999987
73 74 47.29000000000019
74 73 47.29000000000019
74 75 70.94299999999987
74 94 127.61272340954102
75 55 535.7666167745056
75 74 70.94299999999987
75 76 254.28157305239387
76 75 254.28157305239387
76 77 47.299999999999955
76 96 116.14565672464893
77 57 233.98211648756407
77 76 47.299999999999955
77 78 106.40999999999985
78 77 106.40999999999985
78 79 23.65000000000009
78 98 95.29999144805842
79 59 590.8659734161378
79 78 23.65000000000009
80 81 195.17937630805173
80 100 56.028608014120856
81 61 104.74748052339973
81 80 195.17937630805173
81 82 23.65000000000009
82 81 23.65000000000009
82 83 23.6400000000001
82 102 473.19953486452204
83 63 82.33616626975044
83 82 23.6400000000001
83 84 82.76999999999998
84 83 82.76999999999998
84 85 11.819999999999936
84 104 267.4398783203432
85 65 63.65450887407732
85 84 11.819999999999936
85 86 159.72918776792164
86 85 159.72918776792164
86 87 70.94999999999982
86 106 1335.5707668727257
87 67 150.7103504242493
87 86 70.94999999999982
87 88 100.68325241071624
88 87 100.68325241071624
88 89 11.830000000000155
88 108 1329.5777350049902
89 69 139.13865934742918
89 88 11.830000000000155
89 90 70.93999999999983
90 89 70.93999999999983
90 91 153.71000000000004
90 110 1350.2354208881502
91 71 638.916751071687
91 90 153.71000000000004
91 92 242.46194121139905
92 91 242.46194121139905
92 93 23.649999999999864
92 112 1327.7239696281001
93 73 150.72035256062793
93 92 23.649999999999864
93 94 70.94000000000005
94 93 70.94000000000005
94 95 41.80910337474375
94 114 1350.3773491602265
95 75 157.73385169328733
95 94 41.80910337474375
95 96 11.819999999999936
96 95 11.819999999999936
96 97 102.04935680836013
96 116 1369.027658595691
97 77 172.1391674808496
97 96 102.04935680836013
97 98 23.646999999999935
98 97 23.646999999999935
98 99 41.80613344953102
98 118 1426.1567320438521
99 79 56.02544257745769
99 98 41.80613344953102
100 101 234.12590757111863
100 120 1424.721462076009
101 81 210.77778197903115
101 100 234.12590757111863
101 102 437.62938315428505
102 101 437.62938315428505
102 103 437.47
102 122 1490.0491075316947
103 83 218.56591750773953
103 102 437.47
103 104 48.74238607208305
104 103 48.74238607208305
104 105 1565.7564590305863
104 124 1529.8811376953438
105 85 1396.7010904986078
105 104 1565.7564590305863
105 106 11.809999999999945
106 105 11.809999999999945
106 107 16.7089347356436
106 126 118.24000000000001
107 87 1365.4133679677375
107 106 16.7089347356436
107 108 11.809999999999945
108 107 11.809999999999945
108 109 16.716010289539856
108 128 118.24000000000001
109 89 1340.9633990907432
109 108 16.716010289539856
109 110 11.809999999999945
110 109 11.809999999999945
110 111 16.7089347356436
110 130 18.695389806045803
111 91 1412.2553965912116
111 110 16.7089347356436
111 112 11.809999999999945
112 111 11.809999999999945
112 113 16.716010289539696
112 132 18.68590110216796
113 93 1342.096338540941
113 112 16.716010289539696
113 114 11.809999999999945
114 113 11.809999999999945
114 115 16.70893473564376
114 134 18.695389806045803
115 95 1376.3865192960877
115 114 16.70893473564376
115 116 11.809999999999945
116 115 11.809999999999945
116 117 16.7089347356436
116 136 18.695389806045803
117 97 1427.943943586372
117 116 16.7089347356436
117 118 11.809999999999945
118 117 11.809999999999945
118 119 16.716010289539696
118 138 18.68590110216796
119 99 1422.5815987141125
119 118 16.716010289539696
120 121 16.70893473564376
120 140 18.695389806045803
121 101 1531.1391852983188
121 120 16.70893473564376
121 122 11.809999999999945
122 121 11.809999999999945
122 123 16.7089347356436
122 142 18.68590110216796
123 103 1539.8991705225378
123 122 16.7089347356436
123 124 11.809999999999945
124 123 11.809999999999945
124 125 16.716010289539696
124 144 18.68590110216796
125 105 118.24000000000001
125 124 16.716010289539696
125 126 11.809999999999945
126 125 11.809999999999945
126 127 16.7089347356436
126 146 18.695389806045803
127 107 118.24000000000001
127 126 16.7089347356436
127 128 11.809999999999945
128 127 11.809999999999945
128 129 124.29058934609638
128 148 18.68590110216796
129 109 18.695389806045732
129 128 124.29058934609638
129 130 11.810000000000173
130 129 11.810000000000173
130 131 16.716010289539856
130 150 118.24000000000001
131 111 18.685901102167886
131 130 16.716010289539856
131 132 11.810000000000173
132 131 11.810000000000173
132 133 16.70893473564376
132 152 118.23000000000002
133 113 18.695389806045732
133 132 16.70893473564376
133 134 11.810000000000173
134 133 11.810000000000173
134 135 16.70893473564392
134 154 951.8222861521999
135 115 18.695389806045732
135 134 16.70893473564392
135 136 11.810000000000173
136 135 11.810000000000173
136 137 16.716010289539856
136 156 951.8262860753531
137 117 18.685901102167886
137 136 16.716010289539856
137 138 11.810000000000173
138 137 11.810000000000173
138 139 16.70893473564376
138 158 951.8192862098351
139 119 18.695389806045732
139 138 16.70893473564376
140 141 16.71601028954002
140 160 951.8232861329881
141 121 18.685901102167886
141 140 16.71601028954002
141 142 11.810000000000173
142 141 11.810000000000173
142 143 16.70893473564376
142 162 951.8172862482587
143 123 18.685901102167886
143 142 16.70893473564376
143 144 11.810000000000173
144 143 11.810000000000173
144 145 16.70893473564376
144 164 951.8202861906234
145 125 18.695389806045732
145 144 16.70893473564376
145 146 11.810000000000173
146 145 11.810000000000173
146 147 16.716010289539856
146 166 951.8242861137765
147 127 18.685901102167886
147 146 16.716010289539856
147 148 11.810000000000173
148 147 11.810000000000173
148 149 16.70893473564392
148 168 951.817286248259
149 129 118.24000000000001
149 148 16.70893473564392
149 150 11.810000000000173
150 149 11.810000000000173
150 151 16.70893473564376
150 170 951.8212861714115
151 131 118.23000000000002
151 150 16.70893473564376
151 152 11.810000000000173
152 151 11.810000000000173
152 153 845.5794813830336
152 172 951.8252860945647
153 133 951.8222861521999
153 152 845.5794813830336
153 154 11.809999999999945
154 153 11.809999999999945
154 155 16.711764598629244
154 174 118.23699999999997
155 135 951.8262860753531
155 154 16.711764598629244
155 156 11.809999999999945
156 155 11.809999999999945
156 157 16.711057088048047
156 176 118.2360000000001
157 137 951.8192862098351
157 156 16.711057088048047
157 158 11.809999999999945
158 157 11.809999999999945
158 159 16.711764598629244
158 178 18.690645387465935
159 139 951.8232861329881
159 158 16.711764598629244
160 161 16.711764598629244
160 180 18.69159426052258
161 141 951.8172862482587
161 160 16.711764598629244
161 162 11.809999999999945
162 161 11.809999999999945
162 163 16.711057088048047
162 182 18.69159426052258
163 143 951.8202861906234
163 162 16.711057088048047
163 164 11.809999999999945
164 163 11.809999999999945
164 165 16.711764598629244
164 184 18.690645387465935
165 145 951.8242861137765
165 164 16.711764598629244
165 166 11.809999999999945
166 165 11.809999999999945
166 167 16.71105708804797
166 186 18.69159426052258
167 147 951.817286248259
167 166 16.71105708804797
167 168 11.809999999999945
168 167 11.809999999999945
168 169 16.711764598629326
168 188 18.690645387465935
169 149 951.8212861714115
169 168 16.711764598629326
169 170 11.809999999999945
170 169 11.809999999999945
170 171 16.711764598629244
170 190 18.690645387465935
171 151 951.8252860945647
171 170 16.711764598629244
171 172 11.809999999999945
172 171 11.809999999999945
172 173 16.711764598629244
172 192 18.69159426052258
173 153 118.23699999999997
173 172 16.711764598629244
173 174 11.809999999999945
174 173 11.809999999999945
174 175 16.711057088048047
174 194 18.69159426052258
175 155 118.2360000000001
175 174 16.711057088048047
175 176 11.809999999999945
176 175 11.809999999999945
176 177 124.28859160840148
176 196 18.69159426052269
177 157 18.69064538746586
177 176 124.28859160840148
177 178 11.810000000000173
178 177 11.810000000000173
178 179 16.71105708804813
178 198 118.23599999999999
179 159 18.69159426052251
179 178 16.71105708804813
180 181 16.711764598629404
180 200 118.23699999999997
181 161 18.69159426052251
181 180 16.711764598629404
181 182 11.810000000000173
182 181 11.810000000000173
182 183 16.711764598629486
182 202 2127.4321221446758
183 163 18.69064538746586
183 182 16.711764598629486
183 184 11.810000000000173
184 183 11.810000000000173
184 185 16.71105708804813
184 204 2127.4340228860215
185 165 18.69159426052251
185 184 16.71105708804813
185 186 11.810000000000173
186 185 11.810000000000173
186 187 16.711764598629404
186 206 2127.430696592488
187 167 18.69064538746586
187 186 16.711764598629404
187 188 11.810000000000173
188 187 11.810000000000173
188 189 16.711764598629486
188 208 2127.4325973294663
189 169 18.69064538746586
189 188 16.711764598629486
189 190 11.810000000000173
190 189 11.810000000000173
190 191 16.71105708804813
190 210 2127.429746226183
191 171 18.69159426052251
191 190 16.71105708804813
191 192 11.810000000000173
192 191 11.810000000000173
192 193 16.711764598629404
192 212 2127.4311717761866
193 173 18.69159426052251
193 192 16.711764598629404
193 194 11.810000000000173
194 193 11.810000000000173
194 195 16.71105708804813
194 214 2127.4330725146206
195 175 18.69159426052262
195 194 16.71105708804813
195 196 11.810000000000173
196 195 11.810000000000173
196 197 16.711764598629486
196 216 2127.429746226183
197 177 118.23599999999999
197 196 16.711764598629486
197 198 11.810000000000173
198 197 11.810000000000173
198 199 16.711764598629404
198 218 2127.4316469602495
199 179 118.23699999999997
199 198 16.711764598629404
200 201 2169.8772095766158
200 220 2127.433547700139
201 181 2127.432122144676
201 200 2169.8772095766158
201 202 11.810000000000002
202 201 11.810000000000002
202 203 16.708934735643638
202 222 118.24000000000001
203 183 2127.4340228860215
203 202 16.708934735643638
203 204 11.810000000000002
204 203 11.810000000000002
204 205 16.7160102895399
204 224 118.24000000000001
205 185 2127.4306965924884
205 204 16.7160102895399
205 206 11.810000000000002
206 205 11.810000000000002
206 207 16.708934735643638
206 226 18.696968337139587
207 187 2127.4325973294667
207 206 16.708934735643638
207 208 11.810000000000002
208 207 11.810000000000002
208 209 16.71601028953974
208 228 18.687480434772386
209 189 2127.429746226183
209 208 16.71601028953974
209 210 11.810000000000002
210 209 11.810000000000002
210 211 16.7089347356438
210 230 18.696968337139587
211 191 2127.431171776187
211 210 16.7089347356438
211 212 11.810000000000002
212 211 11.810000000000002
212 213 16.708934735643638
212 232 18.696968337139587
213 193 2127.433072514621
213 212 16.708934735643638
213 214 11.810000000000002
214 213 11.810000000000002
214 215 16.71601028953974
214 234 18.687480434772386
215 195 2127.429746226183
215 214 16.71601028953974
215 216 11.810000000000002
216 215 11.810000000000002
216 217 16.7089347356438
216 236 18.696968337139587
217 197 2127.4316469602495
217 216 16.7089347356438
217 218 11.810000000000002
218 217 11.810000000000002
218 219 16.708934735643638
218 238 18.687480434772386
219 199 2127.433547700139
219 218 16.708934735643638
220 221 16.71601028953974
220 240 18.687480434772386
221 201 118.24000000000001
221 220 16.71601028953974
221 222 11.810000000000002
222 221 11.810000000000002
222 223 16.708934735643638
222 242 18.696968337139587
223 203 118.24000000000001
223 222 16.708934735643638
223 224 11.810000000000002
224 223 11.810000000000002
224 225 124.29035169714489
224 244 18.687480434772386
225 205 18.696968337139587
225 224 124.29035169714489
225 226 11.810000000000002
226 225 11.810000000000002
226 227 16.71601028953974
226 246 118.24000000000001
227 207 18.687480434772386
227 226 16.71601028953974
227 228 11.810000000000002
228 227 11.810000000000002
228 229 16.708934735643638
228 248 118.23000000000002
229 209 18.696968337139587
229 228 16.708934735643638
229 230 11.810000000000002
230 229 11.810000000000002
230 231 16.7089347356438
230 250 951.8223171585126
231 211 18.696968337139587
231 230 16.7089347356438
231 232 11.810000000000002
232 231 11.810000000000002
232 233 16.71601028953974
232 252 951.8263170815355
233 213 18.687480434772386
233 232 16.71601028953974
233 234 11.810000000000002
234 233 11.810000000000002
234 235 16.708934735643638
234 254 951.8193172162456
235 215 18.696968337139587
235 234 16.708934735643638
235 236 11.810000000000002
236 235 11.810000000000002
236 237 16.7160102895399
236 256 951.8233171392683
237 217 18.687480434772386
237 236 16.7160102895399
237 238 11.810000000000002
238 237 11.810000000000002
238 239 16.708934735643638
238 258 951.8173172547343
239 219 18.687480434772386
239 238 16.708934735643638
240 241 16.708934735643638
240 260 951.8203171970013
241 221 18.696968337139587
241 240 16.708934735643638
241 242 11.810000000000002
242 241 11.810000000000002
242 243 16.71601028953974
242 262 951.824317120024
243 223 18.687480434772386
243 242 16.71601028953974
243 244 11.810000000000002
244 243 11.810000000000002
244 245 16.7089347356438
244 264 951.8173172547347
245 225 118.24000000000001
245 244 16.7089347356438
245 246 11.810000000000002
246 245 11.810000000000002
246 247 16.708934735643638
246 266 951.8213171777568
247 227 118.23000000000002
247 246 16.708934735643638
247 248 11.810000000000002
248 247 11.810000000000002
248 249 845.579586118894
248 268 951.8253171007798
249 229 951.8223171585126
249 248 845.579586118894
249 250 11.810000000000002
250 249 11.810000000000002
250 251 16.711764598629284
250 270 118.23699999999997
251 231 951.8263170815355
251 250 16.711764598629284
251 252 11.810000000000002
252 251 11.810000000000002
252 253 16.711057088048086
252 272 118.2360000000001
253 233 951.8193172162456
253 252 16.711057088048086
253 254 11.810000000000002
254 253 11.810000000000002
254 255 16.711764598629284
254 274 18.692224319218955
255 235 951.8233171392683
255 254 16.711764598629284
255 256 11.810000000000002
256 255 11.810000000000002
256 257 16.711764598629284
256 276 18.693173112128388
257 237 951.8173172547343
257 256 16.711764598629284
257 258 11.810000000000002
258 257 11.810000000000002
258 259 16.711057088048086
258 278 18.693173112128388
259 239 951.8203171970013
259 258 16.711057088048086
260 261 16.711764598629284
260 280 18.692224319218955
261 241 951.824317120024
261 260 16.711764598629284
261 262 11.810000000000002
262 261 11.810000000000002
262 263 16.71105708804801
262 282 18.693173112128388
263 243 951.8173172547347
263 262 16.71105708804801
263 264 11.810000000000002
264 263 11.810000000000002
264 265 16.711764598629365
264 284 18.692224319218955
265 245 951.8213171777568
265 264 16.711764598629365
265 266 11.810000000000002
266 265 11.810000000000002
266 267 16.711764598629284
266 286 18.692224319218955
267 247 951.8253171007798
267 266 16.711764598629284
267 268 11.810000000000002
268 267 11.810000000000002
268 269 16.711764598629284
268 288 18.693173112128388
269 249 118.23699999999997
269 268 16.711764598629284
269 270 11.810000000000002
270 269 11.810000000000002
270 271 16.711057088048086
270 290 18.693173112128388
271 251 118.2360000000001
271 270 16.711057088048086
271 272 11.810000000000002
272 271 11.810000000000002
272 273 124.28835395563016
272 292 18.693173112128495
273 253 18.692224319218955
273 272 124.28835395563016
273 274 11.810000000000002
274 273 11.810000000000002
274 275 16.71105708804801
274 294 118.23599999999999
275 255 18.693173112128388
275 274 16.71105708804801
275 276 11.810000000000002
276 275 11.810000000000002
276 277 16.711764598629284
276 296 118.23699999999997
277 257 18.693173112128388
277 276 16.711764598629284
277 278 11.810000000000002
278 277 11.810000000000002
278 279 16.711764598629365
278 298 2275.656410115112
279 259 18.692224319218955
279 278 16.711764598629365
280 281 16.71105708804801
280 300 2262.657741705095
281 261 18.693173112128388
281 280 16.71105708804801
281 282 11.810000000000002
282 281 11.810000000000002
282 283 16.711764598629284
282 302 2237.1810144842993
283 263 18.692224319218955
283 282 16.711764598629284
283 284 11.810000000000002
284 283 11.810000000000002
284 285 16.711764598629365
284 304 2212.4226588572537
285 265 18.692224319218955
285 284 16.711764598629365
285 286 11.810000000000002
286 285 11.810000000000002
286 287 16.71105708804801
286 306 2194.3375928131477
287 267 18.693173112128388
287 286 16.71105708804801
287 288 11.810000000000002
288 287 11.810000000000002
288 289 16.711764598629284
288 308 1927.3372513335594
289 269 18.693173112128388
289 288 16.711764598629284
289 290 11.810000000000002
290 289 11.810000000000002
290 291 16.71105708804801
290 310 1923.1982231091
291 271 18.693173112128495
291 290 16.71105708804801
291 292 11.810000000000002
292 291 11.810000000000002
292 293 16.711764598629365
292 312 1921.2345220701193
293 273 118.23599999999999
293 292 16.711764598629365
293 294 11.810000000000002
294 293 11.810000000000002
294 295 16.711764598629284
294 314 1910.9471609277948
295 275 118.23699999999997
295 294 16.711764598629284
295 296 11.810000000000002
296 295 11.810000000000002
296 297 2343.150563900024
296 316 1908.0920859167147
297 277 2272.4188214451137
297 296 2343.150563900024
297 298 11.819999999999936
298 297 11.819999999999936
298 299 23.65000000000009
298 318 1206.018
299 279 2259.2778199721256
299 298 23.65000000000009
300 301 11.829999999999927
300 320 41.80839748184553
301 281 2252.7694549396306
301 300 11.829999999999927
301 302 47.289999999999964
302 301 47.289999999999964
302 303 35.47000000000003
302 322 30.143052267479625
303 283 2214.657839523975
303 302 35.47000000000003
303 304 23.65000000000009
304 303 23.65000000000009
304 305 11.829999999999927
304 324 904.5312422155466
305 285 2202.309648685443
305 304 11.829999999999927
305 306 35.47000000000003
306 305 35.47000000000003
306 307 23.6400000000001
306 326 904.5252423431864
307 287 2178.186630132964
307 306 23.6400000000001
307 308 744.8939999999999
308 307 744.8939999999999
308 309 11.823999999999955
308 328 945.967724257017
309 289 1915.7234506624384
309 308 11.823999999999955
309 310 23.648000000000025
310 309 23.648000000000025
310 311 11.822999999999979
310 330 875.0357010065361
311 291 1911.5592756726116
311 310 11.822999999999979
311 312 11.82400000000007
312 311 11.82400000000007
312 313 47.29399999999998
312 332 851.3849152463298
313 293 1904.0851853932377
313 312 47.29399999999998
313 314 35.47199999999998
314 313 35.47199999999998
314 315 23.647000000000048
314 334 107.06634704238303
315 295 1897.7604974835472
315 314 23.647000000000048
315 316 11.822999999999979
316 315 11.822999999999979
316 317 35.471000000000004
316 336 37.38444863843789
317 297 1194.19
317 316 35.471000000000004
317 318 23.648000000000025
318 317 23.648000000000025
318 319 1200.1125028946244
318 338 48.747237101193804
319 299 18.685901102167886
319 318 1200.1125028946244
320 321 23.6400000000001
320 340 71.916338199327
321 301 53.526161827652125
321 320 23.6400000000001
321 322 23.65000000000009
322 321 23.65000000000009
322 323 863.1299999999999
322 342 71.91633819932723
323 303 857.2403037655195
323 322 863.1299999999999
323 324 70.94200000000001
324 323 70.94200000000001
324 325 23.647000000000048
324 344 981.4330599404119
325 305 916.3479940726668
325 324 23.647000000000048
325 326 23.646999999999935
326 325 23.646999999999935
326 327 1105.531797080482
326 346 993.2562140233506
327 307 224.96021559378013
327 326 1105.531797080482
327 328 23.65000000000009
328 327 23.65000000000009
328 329 11.819999999999936
328 348 940.0015161099475
329 309 945.9717239452773
329 328 11.819999999999936
329 330 94.58999999999992
330 329 94.58999999999992
330 331 23.65000000000009
330 350 869.0640275238644
331 311 863.2097930057326
331 330 23.65000000000009
331 332 23.649999999999864
332 331 23.649999999999864
332 333 804.008
332 352 869.058027662135
333 313 95.32342325472796
333 332 804.008
333 334 23.648000000000025
334 333 23.648000000000025
334 335 11.822999999999979
334 354 77.07913861091087
335 315 118.82535196244956
335 334 11.822999999999979
335 336 94.59000000000003
336 335 94.59000000000003
336 337 23.647000000000048
336 356 8.353057464186465
337 317 48.74626689296317
337 336 23.647000000000048
337 338 23.646999999999935
338 337 23.646999999999935
338 339 1176.4677943781546
338 358 2196.4867263086294
339 319 26.43479903460604
339 338 1176.4677943781546
340 341 11.819999999999936
340 360 1860.3237058160066
341 321 83.59840728147877
341 340 11.819999999999936
341 342 35.47000000000003
342 341 35.47000000000003
342 343 11.819999999999936
342 362 1860.5492179249113
343 323 922.3256141949003
343 342 11.819999999999936
343 344 11.829999999999927
344 343 11.829999999999927
344 345 23.6400000000001
344 364 1861.675860728983
345 325 981.4400594335856
345 344 23.6400000000001
345 346 11.829999999999927
346 345 11.829999999999927
346 347 11.820000000000164
346 366 1862.2017157979958
347 327 124.29011424888152
347 346 11.820000000000164
347 348 839.483
348 347 839.483
348 349 23.646999999999935
348 368 1860.0983919787684
349 329 951.8282860369301
349 348 23.646999999999935
349 350 11.82400000000007
350 349 11.82400000000007
350 351 35.471000000000004
350 370 1860.098395156826
351 331 880.8847587652996
351 350 35.471000000000004
351 352 11.822999999999979
352 351 11.822999999999979
352 353 11.823999999999955
352 372 1860.173545168837
353 333 77.08013567709911
353 352 11.823999999999955
353 354 23.647000000000048
354 353 23.647000000000048
354 355 11.823999999999955
354 374 1860.3238646862
355 335 77.08013567709911
355 354 11.823999999999955
355 356 11.822999999999979
356 355 11.822999999999979
356 357 2169.8780668085933
356 376 1860.5492846495627
357 337 2190.270618653549
357 356 2169.8780668085933
357 358 11.819999999999936
358 357 11.819999999999936
358 359 23.65000000000009
358 378 1206.018
359 339 1860.5492179249113
359 358 23.65000000000009
360 361 11.829999999999927
360 380 41.80896214928074
361 341 1860.3238646862
361 360 11.829999999999927
361 362 47.289999999999964
362 361 47.289999999999964
362 363 35.47000000000003
362 382 30.143835456026665
363 343 1861.2253997893429
363 362 35.47000000000003
363 364 23.65000000000009
364 363 23.65000000000009
364 365 11.829999999999927
364 384 904.5312683152529
365 345 1861.2257492096437
365 364 11.829999999999927
365 366 35.47000000000003
366 365 35.47000000000003
366 367 23.6400000000001
366 386 904.5252684430657
367 347 1862.802012539443
367 366 23.6400000000001
367 368 744.8939999999999
368 367 744.8939999999999
368 369 11.823999999999955
368 388 945.967724257017
369 349 1860.098395156826
369 368 11.823999999999955
369 370 23.648000000000025
370 369 23.648000000000025
370 371 11.822999999999979
370 390 875.0357010065361
371 351 1860.1735547031626
371 370 11.822999999999979
371 372 11.82400000000007
372 371 11.82400000000007
372 373 47.29399999999998
372 392 851.3849152463298
373 353 1860.173545168837
373 372 47.29399999999998
373 374 35.47199999999998
374 373 35.47199999999998
374 375 23.647000000000048
374 394 107.06634704238303
375 355 1860.5492846495627
375 374 23.647000000000048
375 376 11.822999999999979
376 375 11.822999999999979
376 377 35.471000000000004
376 396 37.38444863843791
377 357 1194.19
377 376 35.471000000000004
377 378 23.648000000000025
378 377 23.648000000000025
378 379 1200.1125225661135
378 398 48.74723710119382
379 359 18.687164471904254
379 378 1200.1125225661135
380 381 23.6400000000001
380 400 71.91650242468675
381 361 53.526602881184274
381 380 23.6400000000001
381 382 23.65000000000009
382 381 23.65000000000009
382 383 863.1299999999999
382 402 71.91650242468698
383 363 857.2403313050547
383 382 863.1299999999999
383 384 70.94200000000001
384 383 70.94200000000001
384 385 23.647000000000048
384 404 981.4330719743451
385 365 916.3480198358045
385 384 23.647000000000048
385 386 23.646999999999935
386 385 23.646999999999935
386 387 1105.531775704344
386 406 993.2562259140387
387 367 224.96021559378013
387 386 1105.531775704344
387 388 23.65000000000009
388 387 23.65000000000009
388 389 11.819999999999936
388 408 940.001547506173
389 369 945.9717239452773
389 388 11.819999999999936
389 390 94.58999999999992
390 389 94.58999999999992
390 391 23.65000000000009
390 410 869.0640614828117
391 371 863.2097930057326
391 390 23.65000000000009
391 392 23.649999999999864
392 391 23.649999999999864
392 393 804.008
392 412 869.0580616213166
393 373 95.32342325472796
393 392 804.008
393 394 23.648000000000025
394 393 23.648000000000025
394 395 11.822999999999979
394 414 77.07952149566064
395 375 118.82535196244957
395 394 11.822999999999979
395 396 94.59000000000003
396 395 94.59000000000003
396 397 23.647000000000048
396 416 8.356589854719456
397 377 48.74626689296318
397 396 23.647000000000048
397 398 23.646999999999935
398 397 23.646999999999935
398 399 1176.4678194638389
399 379 26.435245809335772
399 398 1176.4678194638389
400 401 11.819999999999936
401 381 83.59854855797437
401 400 11.819999999999936
401 402 35.47000000000003
402 401 35.47000000000003
402 403 11.819999999999936
403 383 922.3256270000309
403 402 11.819999999999936
403 404 11.829999999999927
404 403 11.829999999999927
404 405 23.6400000000001
405 385 981.440071467433
405 404 23.6400000000001
405 406 11.829999999999927
406 405 11.829999999999927
406 407 11.820000000000164
407 387 124.29035169714511
407 406 11.820000000000164
407 408 839.483
408 407 839.483
408 409 23.646999999999935
409 389 951.8283170430474
409 408 23.646999999999935
409 410 11.82400000000007
410 409 11.82400000000007
410 411 35.471000000000004
411 391 880.8847922685463
411 410 35.471000000000004
411 412 11.822999999999979
412 411 11.822999999999979
412 413 11.823999999999955
413 393 77.08051855689611
413 412 11.823999999999955
413 414 23.647000000000048
414 413 23.647000000000048
414 415 11.823999999999955
415 395 77.08051855689611
415 414 11.823999999999955
415 416 11.822999999999979
416 415 11.822999999999979
