4461
0 1 767.1101615804604
0 66 623.9294831950162
1 0 767.1101615804604
1 2 41.048751503547585
2 1 41.048751503547585
2 3 809.0154510267403
2 68 406.4443381325418
3 2 809.0154510267403
3 4 10.0
4 3 10.0
4 5 738.0027100221245
4 70 514.5026724906295
5 4 738.0027100221245
5 6 648.0030864124028
6 5 648.0030864124028
6 7 617.0291727301068
6 72 286.2516375499012
7 6 617.0291727301068
7 8 212.00235847744713
8 7 212.00235847744713
8 9 445.0011235940871
8 74 340.414453277178
9 8 445.0011235940871
9 10 738.0027100221245
10 9 738.0027100221245
10 11 708.0572010791219
10 76 527.8342542882187
11 10 708.0572010791219
11 12 51.62363799656123
12 11 51.62363799656123
12 13 90.08884503644167
12 78 160.46494944379597
13 12 90.08884503644167
13 14 536.0149251653353
14 13 536.0149251653353
14 15 687.0
14 80 425.13056817876554
15 14 687.0
15 16 768.0058593526484
16 15 768.0058593526484
16 17 223.0
16 82 639.6514675977849
17 16 223.0
17 18 253.23901753086943
18 17 253.23901753086943
18 19 142.0563268566381
18 84 855.716074407861
19 18 142.0563268566381
19 20 142.0563268566381
20 19 142.0563268566381
20 21 41.048751503547585
20 86 227.74766738651792
21 20 41.048751503547585
21 22 476.0
22 21 476.0
22 23 415.07710127155894
22 88 478.2896611886985
23 22 415.07710127155894
23 24 435.00114942376877
24 23 435.00114942376877
24 25 576.0217009800933
24 90 634.0544140686981
25 24 576.0217009800933
25 26 253.00197627686626
26 25 253.00197627686626
26 27 30.01666203960727
26 92 437.64026322997296
27 26 30.01666203960727
27 28 233.0
28 27 233.0
28 29 283.0070670495703
28 94 614.8406297570127
29 28 283.0070670495703
29 30 222.00225224082752
30 29 222.00225224082752
30 31 212.0
30 96 171.26587517658035
31 30 212.0
31 32 50.08991914547278
32 31 50.08991914547278
32 33 455.0
32 98 555.9361474126323
33 32 455.0
33 34 40.049968789001575
34 33 40.049968789001575
34 35 293.0068258590574
34 100 644.8317610043723
35 34 293.0068258590574
35 36 475.0
36 35 475.0
36 37 21.02379604162864
36 102 236.02754076590298
37 36 21.02379604162864
37 38 717.0006973497307
38 37 717.0006973497307
38 39 81.2219182240853
38 104 754.1153757880819
39 38 81.2219182240853
39 40 425.0047058562999
40 39 425.0047058562999
40 41 293.01535795927146
40 106 497.81924430459696
41 40 293.01535795927146
41 42 253.00197627686626
42 41 253.00197627686626
42 43 202.00247523235947
42 108 227.17834403833479
43 42 202.00247523235947
43 44 262.23081436017395
44 43 262.23081436017395
44 45 192.01041638411183
44 110 762.3450662265743
45 44 192.01041638411183
45 46 455.0
46 45 455.0
46 47 485.00103092673936
46 112 662.9509785798646
47 46 485.00103092673936
47 48 263.00760445279906
48 47 263.00760445279906
48 49 890.0005617975755
48 114 302.39874338363245
49 48 890.0005617975755
49 50 748.006016018588
50 49 748.006016018588
50 51 31.016124838541646
50 116 230.15212360523637
51 50 31.016124838541646
51 52 607.0131794285854
52 51 607.0131794285854
52 53 495.0010100999795
52 118 396.6484589658707
53 52 495.0010100999795
53 54 253.00197627686626
54 53 253.00197627686626
54 55 81.30190649671138
54 120 1052.4124666688438
55 54 81.30190649671138
55 56 405.0049382414985
56 55 405.0049382414985
56 57 475.0
56 122 531.3012328237155
57 56 475.0
57 58 485.00103092673936
58 57 485.00103092673936
58 59 61.032778078668514
58 124 235.29555881911583
59 58 61.032778078668514
59 60 425.0047058562999
60 59 425.0047058562999
60 61 486.0010288054954
60 126 395.04936400404443
61 60 486.0010288054954
61 62 213.00234740490538
62 61 213.00234740490538
62 63 516.0038759544351
62 128 414.32354507075746
63 62 516.0038759544351
63 64 182.0109886792553
64 63 182.0109886792553
64 65 70.06425622241343
64 130 234.4120304079976
65 64 70.06425622241343
66 67 677.0007385520344
66 132 143.60013927569847
67 1 862.1322404364657
67 66 677.0007385520344
67 68 516.0038759544351
68 67 516.0038759544351
68 69 272.0073528417936
68 134 230.6707610426601
69 3 728.4703151124279
69 68 272.0073528417936
69 70 232.0
70 69 232.0
70 71 445.0
70 136 221.65288177689007
71 5 713.4045135825817
71 70 445.0
71 72 283.01590061337544
72 71 283.01590061337544
72 73 505.0039603805103
72 138 682.6302073597388
73 7 200.84820138602188
73 72 505.0039603805103
73 74 637.0031397096877
74 73 637.0031397096877
74 75 334.0239512370333
74 140 377.58442764499705
75 9 504.7058549293836
75 74 334.0239512370333
75 76 243.0
76 75 243.0
76 77 354.0353089735542
76 142 358.2973625356458
77 11 580.3593714242926
77 76 354.0353089735542
77 78 667.0029984940097
78 77 667.0029984940097
78 79 262.0019083899963
78 144 761.4315464964661
79 13 186.63868837944614
79 78 262.0019083899963
79 80 21.02379604162864
80 79 21.02379604162864
80 81 505.0039603805103
80 146 562.8729874492113
81 15 805.3446467196513
81 80 505.0039603805103
81 82 647.0030911827238
82 81 647.0030911827238
82 83 263.0019011338131
82 148 347.57589099360735
83 17 200.21238722916223
83 82 263.0019011338131
83 84 455.0
84 83 455.0
84 85 950.0005263156437
84 150 137.84411485442533
85 19 280.0589223717038
85 84 950.0005263156437
85 86 202.00990074746338
86 85 202.00990074746338
86 87 668.0007485025747
86 152 434.93562742088625
87 21 537.7034498680476
87 86 668.0007485025747
87 88 506.0039525537325
88 87 506.0039525537325
88 89 293.0068258590574
88 154 262.6118809193522
89 23 360.37341744362885
89 88 293.0068258590574
89 90 152.0526224699857
90 89 152.0526224699857
90 91 263.0019011338131
90 156 354.53208599504785
91 25 332.02409551115414
91 90 263.0019011338131
91 92 475.0
92 91 475.0
92 93 203.00246303924493
92 158 425.28696194452044
93 27 664.4832578778792
93 92 203.00246303924493
93 94 182.0109886792553
94 93 182.0109886792553
94 95 253.00197627686626
94 160 484.1332461213545
95 29 644.0496875241847
95 94 253.00197627686626
95 96 526.0085550635084
96 95 526.0085550635084
96 97 920.0
96 162 721.4353747911174
97 31 605.2602745926747
97 96 920.0
97 98 101.1236866416568
98 97 101.1236866416568
98 99 738.0006775064641
98 164 198.8793604173143
99 33 664.6389997585155
99 98 738.0006775064641
99 100 20.024984394500787
100 99 20.024984394500787
100 101 182.0109886792553
100 166 801.1772587885904
101 35 202.5660386145713
101 100 182.0109886792553
101 102 435.00459767685214
102 101 435.00459767685214
102 103 30.01666203960727
102 168 810.9574588102633
103 37 243.58981916328113
103 102 30.01666203960727
103 104 232.0
104 103 232.0
104 105 576.0217009800933
104 170 165.3027525481654
105 39 154.20765220960988
105 104 576.0217009800933
105 106 141.12760183606892
106 105 141.12760183606892
106 107 465.0
106 172 431.5101389307093
107 41 306.4718584144391
107 106 465.0
107 108 718.0006963784924
108 107 718.0006963784924
108 109 668.0007485025747
108 174 266.47513955339247
109 43 307.37924458232374
109 108 668.0007485025747
109 110 212.00235847744713
110 109 212.00235847744713
110 111 40.049968789001575
110 176 187.48866632412745
111 45 534.417439835191
111 110 40.049968789001575
111 112 718.0006963784924
112 111 718.0006963784924
112 113 202.00247523235947
112 178 190.55970193091719
113 47 125.0
113 112 202.00247523235947
113 114 20.024984394500787
114 113 20.024984394500787
114 115 192.01041638411183
114 180 113.0
115 49 436.8065933568311
115 114 192.01041638411183
115 116 525.0038095099882
116 115 525.0038095099882
116 117 940.0
116 182 961.3142046178242
117 51 782.9431652425353
117 116 940.0
117 118 546.0082416960389
118 117 546.0082416960389
118 119 253.0
118 184 244.63237725207185
119 53 386.80356771881
119 118 253.0
119 120 424.00117924364315
120 119 424.00117924364315
120 121 283.0070670495703
120 186 1193.3620573824192
121 55 690.9739503049301
121 120 283.0070670495703
121 122 243.0
122 121 243.0
122 123 960.000520833192
122 188 111.11255554616679
123 57 921.5883028771578
123 122 960.000520833192
123 124 222.00225224082752
124 123 222.00225224082752
124 125 677.0007385520344
124 190 651.8688518406137
125 59 541.0924135487394
125 124 677.0007385520344
125 126 485.00103092673936
126 125 485.00103092673936
126 127 435.00114942376877
126 192 533.1134963588898
127 61 551.6747230026041
127 126 435.00114942376877
127 128 728.0006868128628
128 127 728.0006868128628
128 129 405.0111109586995
128 194 127.01181047445942
129 63 532.2800015029684
129 128 405.0111109586995
129 130 546.0082416960389
130 129 546.0082416960389
130 131 61.5223536610881
130 196 113.78049041905207
131 65 137.84411485442533
131 130 61.5223536610881
132 133 758.032321210646
132 198 101.07917688624102
133 67 121.10326172320876
133 132 758.032321210646
133 134 708.000706214337
134 133 708.000706214337
134 135 678.0
134 200 143.0873858870865
135 69 762.1896089556718
135 134 678.0
135 136 708.000706214337
136 135 708.000706214337
136 137 60.07495318350236
136 202 451.22056690713913
137 71 702.6720429901848
137 136 60.07495318350236
137 138 263.0019011338131
138 137 263.0019011338131
138 139 222.0
138 204 818.6482761235133
139 73 130.18832512940628
139 138 222.0
139 140 223.0022421411946
140 139 223.0022421411946
140 141 667.0007496247662
140 206 142.2708684165525
141 75 652.0429433710635
141 140 667.0007496247662
141 142 738.0027100221245
142 141 738.0027100221245
142 143 233.0
142 208 392.1849053699033
143 77 271.7075633838705
143 142 233.0
143 144 334.0239512370333
144 143 334.0239512370333
144 145 637.0070643250356
144 210 749.5665414091
145 79 185.85209172887994
145 144 637.0070643250356
145 146 718.0006963784924
146 145 718.0006963784924
146 147 50.039984012787215
146 212 323.2150986572255
147 81 149.80320423809366
147 146 50.039984012787215
147 148 415.0048192491263
148 147 415.0048192491263
148 149 465.0
148 214 432.4835256978004
149 83 415.9278783635451
149 148 465.0
149 150 21.02379604162864
150 149 21.02379604162864
150 151 485.00103092673936
150 216 451.22056690713913
151 85 405.64269992198797
151 150 485.00103092673936
151 152 233.0
152 151 233.0
152 153 253.00197627686626
152 218 721.2489168102785
153 87 513.5854359305762
153 152 253.00197627686626
153 154 233.0
154 153 233.0
154 155 444.00112612469803
154 220 195.88772294352702
155 89 981.1855074347562
155 154 444.00112612469803
155 156 485.00103092673936
156 155 485.00103092673936
156 157 415.0048192491263
156 222 164.01524319403975
157 91 1021.7240331909591
157 156 415.0048192491263
157 158 131.0953851209111
158 157 131.0953851209111
158 159 506.0039525537325
158 224 501.6871535130235
159 93 319.9953124656672
159 158 506.0039525537325
159 160 10.0
160 159 10.0
160 161 525.0038095099882
160 226 699.3318239576975
161 95 751.5437445684715
161 160 525.0038095099882
161 162 930.0
162 161 930.0
162 163 20.024984394500787
162 228 2352.126697267815
163 97 252.68557536986555
163 162 20.024984394500787
163 164 41.048751503547585
164 163 41.048751503547585
164 165 30.01666203960727
164 230 639.5529688774809
165 99 551.6747230026041
165 164 30.01666203960727
165 166 233.0
166 165 233.0
166 167 941.000531349478
166 232 1132.4239488813366
167 101 345.65445172889065
167 166 941.000531349478
167 168 40.049968789001575
168 167 40.049968789001575
168 169 1153.0
168 234 194.49421585229726
169 103 393.2759845197772
169 168 1153.0
169 170 273.00732590903124
170 169 273.00732590903124
170 171 232.0
170 236 102.83968105745953
171 105 689.5853826757061
171 170 232.0
171 172 1243.0036202682597
172 171 1243.0036202682597
172 173 1142.0004378282874
172 238 313.06548835666956
173 107 275.7698315624826
173 172 1142.0004378282874
173 174 728.0006868128628
174 173 728.0006868128628
174 175 363.0495833904785
174 240 539.1669500256854
175 109 791.0
175 174 363.0495833904785
175 176 1152.0
176 175 1152.0
176 177 940.0005319147431
176 242 1051.4837136161455
177 111 751.0958660517312
177 176 940.0005319147431
177 178 131.13733259449805
178 177 131.13733259449805
178 179 1031.0121240800227
178 244 848.224616478442
179 113 681.2694033934006
179 178 1031.0121240800227
179 180 707.0007072132248
180 179 707.0007072132248
180 181 434.0011520722036
180 246 165.07574019219177
181 115 252.68557536986555
181 180 434.0011520722036
181 182 203.00246303924493
182 181 203.00246303924493
182 183 748.006016018588
182 248 199.52944644838766
183 117 741.6589512707307
183 182 748.006016018588
183 184 31.016124838541646
184 183 31.016124838541646
184 185 213.00234740490538
184 250 108.55873986004075
185 119 281.26144421160893
185 184 213.00234740490538
185 186 506.0039525537325
186 185 506.0039525537325
186 187 698.0
186 252 216.51789764358972
187 121 234.8829495727606
187 186 698.0
187 188 455.0
188 187 455.0
188 189 30.01666203960727
188 254 1243.633788540662
189 123 941.5657173028338
189 188 30.01666203960727
189 190 71.06335201775947
190 189 71.06335201775947
190 191 243.00205760445732
190 256 256.09568524284043
191 125 300.08832033253145
191 190 243.00205760445732
191 192 728.0006868128628
192 191 728.0006868128628
192 193 668.0007485025747
192 258 3261.269844707733
193 127 309.3751767676263
193 192 668.0007485025747
193 194 496.0040322416744
194 193 496.0040322416744
194 195 678.0007374627257
194 260 3038.3332601938187
195 129 244.1986895951737
195 194 678.0007374627257
195 196 738.0027100221245
196 195 738.0027100221245
196 197 212.0
196 262 497.0331980864055
197 131 203.92400545301183
197 196 212.0
198 199 20.024984394500787
198 264 290.9467305195231
199 133 779.8083097787559
199 198 20.024984394500787
199 200 41.012193308819754
200 199 41.012193308819754
200 201 910.0005494503836
200 266 547.1233864495284
201 135 157.610278852618
201 200 910.0005494503836
201 202 1273.0098192865598
202 201 1273.0098192865598
202 203 697.0
202 268 159.53056133543816
203 137 331.5086725864046
203 202 697.0
203 204 233.0
204 203 233.0
204 205 718.0006963784924
204 270 143.60013927569847
205 139 159.80613254815975
205 204 718.0006963784924
205 206 455.0
206 205 455.0
206 207 293.01535795927146
206 272 526.5757305459491
207 141 860.5980478713625
207 206 293.01535795927146
207 208 263.0019011338131
208 207 263.0019011338131
208 209 940.0
208 274 180.8535318980528
209 143 341.0835674728409
209 208 940.0
209 210 82.21921916437786
210 209 82.21921916437786
210 211 738.0027100221245
210 276 2269.518230814637
211 145 639.5529688774809
211 210 738.0027100221245
211 212 222.00225224082752
212 211 222.00225224082752
212 213 71.06335201775947
212 278 120.93386622447825
213 147 303.5951251255527
213 212 71.06335201775947
213 214 293.0068258590574
214 213 293.0068258590574
214 215 465.0
214 280 258.9922778771599
215 149 432.4835256978004
215 214 465.0
215 216 40.049968789001575
216 215 40.049968789001575
216 217 30.01666203960727
216 282 448.19750110860724
217 151 101.11874208078342
217 216 30.01666203960727
217 218 496.0040322416744
218 217 496.0040322416744
218 219 688.0
218 284 524.8285434310905
219 153 248.4552273549502
219 218 688.0
219 220 172.02616080119907
220 219 172.02616080119907
220 221 182.0109886792553
220 286 2855.0385286366977
221 155 142.2708684165525
221 220 182.0109886792553
221 222 263.0019011338131
222 221 263.0019011338131
222 223 70.06425622241343
222 288 846.3297229803524
223 157 374.32205385202724
223 222 70.06425622241343
223 224 263.00760445279906
224 223 263.00760445279906
224 225 212.0
224 290 235.9364321167886
225 159 248.4552273549502
225 224 212.0
225 226 475.0
226 225 475.0
226 227 718.0006963784924
226 292 259.2006944435142
227 161 508.9214084708954
227 226 718.0006963784924
227 228 2781.0
228 227 2781.0
228 229 3266.000153092464
228 294 2828.942028391533
229 163 901.5630870881971
229 228 3266.000153092464
229 230 223.0
230 229 223.0
230 231 263.00760445279906
230 296 279.6944761699809
231 165 870.6468859417117
231 230 263.00760445279906
231 232 30.01666203960727
232 231 30.01666203960727
232 233 1152.0
232 298 875.0502842694242
233 167 970.0649462793715
233 232 1152.0
233 234 1173.000426257382
234 233 1173.000426257382
234 235 627.0071769924169
234 300 199.81241202688085
235 169 701.3109153578033
235 234 627.0071769924169
235 236 445.0011235940871
236 235 445.0011235940871
236 237 718.0006963784924
236 302 969.6767502626842
237 171 931.4918142420792
237 236 718.0006963784924
237 238 20.024984394500787
238 237 20.024984394500787
238 239 192.00260414900626
238 304 487.201190474736
239 173 660.4619595404416
239 238 192.00260414900626
239 240 455.0010988997719
240 239 455.0010988997719
240 241 303.014851121195
240 306 71.386273190299
241 175 597.7591488216638
241 240 303.014851121195
241 242 485.00103092673936
242 241 485.00103092673936
242 243 1082.0041589568868
242 308 1480.5168016608254
243 177 980.0132652163439
243 242 1082.0041589568868
243 244 263.0019011338131
244 243 263.0019011338131
244 245 142.0563268566381
244 310 357.1512284733177
245 179 103.75451797391764
245 244 142.0563268566381
245 246 526.0085550635084
246 245 526.0085550635084
246 247 30.01666203960727
246 312 692.6911288590319
247 181 342.4412358347049
247 246 30.01666203960727
247 248 708.0
248 247 708.0
248 249 1203.001662509242
248 314 92.69843580125827
249 183 294.0918223956593
249 248 1203.001662509242
249 250 192.00260414900626
250 249 192.00260414900626
250 251 920.0005434781003
250 316 884.2471373999466
251 185 657.6093065034892
251 250 920.0005434781003
251 252 961.0005202912223
252 251 961.0005202912223
252 253 243.0
252 318 412.8353182565658
253 187 274.85450696686786
253 252 243.0
253 254 526.0085550635084
254 253 526.0085550635084
254 255 223.0
254 320 72.20110802473879
255 189 991.4660861572623
255 254 223.0
255 256 677.0007385520344
256 255 677.0007385520344
256 257 30.01666203960727
256 322 915.0355184363063
257 191 95.60334722173695
257 256 30.01666203960727
257 258 2558.0
258 257 2558.0
258 259 2588.0001931993747
258 324 2333.7973348172286
259 193 91.08786966440702
259 258 2588.0001931993747
259 260 2537.0001970831613
260 259 2537.0001970831613
260 261 3285.0006088279497
260 326 63.324560795950255
261 195 930.460638608641
261 260 3285.0006088279497
261 262 677.0
262 261 677.0
262 263 223.0022421411946
262 328 697.6718426309034
263 197 508.0354318352215
263 262 223.0022421411946
264 265 253.00197627686626
264 330 61.39218191268331
265 199 99.28242543370907
265 264 253.00197627686626
265 266 455.0
266 265 455.0
266 267 900.000555555384
266 332 2338.76976207578
267 201 537.2559911252736
267 266 900.000555555384
267 268 1668.0011990403364
268 267 1668.0011990403364
268 269 232.0
268 334 964.8056799169458
269 203 340.77118422777477
269 268 232.0
269 270 678.0007374627257
270 269 678.0007374627257
270 271 677.0007385520344
270 336 426.10444728962875
271 205 1512.4470238656295
271 270 677.0007385520344
271 272 536.0083954566384
272 271 536.0083954566384
272 273 40.049968789001575
272 338 405.17280264104596
273 207 776.99935649909
273 272 40.049968789001575
273 274 1193.00041911141
274 273 1193.00041911141
274 275 1143.0004374452355
274 340 118.1185844818672
275 209 99.72963451251589
275 274 1143.0004374452355
275 276 2305.0
276 275 2305.0
276 277 2103.000237755574
276 342 2647.571339926462
277 211 906.7155011358303
277 276 2103.000237755574
277 278 768.0058593526484
278 277 768.0058593526484
278 279 263.00760445279906
278 344 903.4976480323566
279 213 291.08418026406036
279 278 263.00760445279906
279 280 232.0
280 279 232.0
280 281 2760.0
280 346 1357.9959499203228
281 215 2542.2906993497027
281 280 2760.0
281 282 3022.0001654533376
282 281 3022.0001654533376
282 283 1617.0
282 348 3156.4619433790103
283 217 1208.5847094846104
283 282 1617.0
283 284 1183.0004226541932
284 283 1183.0004226541932
284 285 1163.0
284 350 581.7018136468203
285 219 997.05566544702
285 284 1163.0
285 286 2032.0009842517302
286 285 2032.0009842517302
286 287 3963.000126167043
286 352 2889.5426973831
287 221 1293.235090770429
287 286 3963.000126167043
287 288 1871.0
288 287 1871.0
288 289 1648.0003033980304
288 354 140.63072210580447
289 223 738.6162738526684
289 288 1648.0003033980304
289 290 697.0
290 289 697.0
290 291 445.0
290 356 783.077263110097
291 225 463.47060316701857
291 290 445.0
291 292 232.0021551624036
292 291 232.0021551624036
292 293 657.0007610345668
292 358 2833.593654707746
293 227 1128.2996056012782
293 292 657.0007610345668
293 294 1173.000426257382
294 293 1173.000426257382
294 295 223.0
294 360 531.1760536771212
295 229 664.9097683144684
295 294 223.0
295 296 708.000706214337
296 295 708.000706214337
296 297 40.049968789001575
296 362 3521.477672795896
297 231 86.82165628459296
297 296 40.049968789001575
297 298 889.0005624295184
298 297 889.0005624295184
298 299 455.0
298 364 2419.64811491258
299 233 189.61540021844218
299 298 455.0
299 300 1162.0004302925192
300 299 1162.0004302925192
300 301 1364.0003665688657
300 366 320.11560411826224
301 235 925.7267415387761
301 300 1364.0003665688657
301 302 1445.0013840823822
302 301 1445.0013840823822
302 303 3700.0
302 368 1055.4340339405396
303 237 3451.730290738255
303 302 3700.0
303 304 3953.000126486211
304 303 3953.000126486211
304 305 465.0
304 370 1045.500836919799
305 239 220.41097976280582
305 304 465.0
305 306 678.0007374627257
306 305 678.0007374627257
306 307 496.0010080634917
306 372 1091.4893494670482
307 241 191.48106956041372
307 306 496.0010080634917
307 308 1173.0
308 307 1173.0
308 309 960.000520833192
308 374 149.85659811966906
309 243 566.7397992024206
309 308 960.000520833192
309 310 51.03920062069938
310 309 51.03920062069938
310 311 435.00459767685214
310 376 172.66151858477326
311 245 86.37129152675674
311 310 435.00459767685214
311 312 222.0
312 311 222.0
312 313 213.00234740490538
312 378 1212.159230464381
313 247 934.9919785752176
313 312 213.00234740490538
313 314 293.0068258590574
314 313 293.0068258590574
314 315 981.0045871452386
314 380 546.6735771920937
315 249 166.76930173146374
315 314 981.0045871452386
315 316 920.0
316 315 920.0
316 317 2285.0002188183703
316 382 1559.900637861271
317 251 2247.883004072943
317 316 2285.0002188183703
317 318 2800.000178571423
318 317 2800.000178571423
318 319 707.0
318 384 651.160502487674
319 253 874.2728407082082
319 318 707.0
319 320 1435.0013937275462
320 319 1435.0013937275462
320 321 232.0
320 386 3338.469709312936
321 255 68.0294054067798
321 320 232.0
321 322 1618.0
322 321 1618.0
322 323 2082.0
322 388 159.53056133543816
323 257 3025.5949828091666
323 322 2082.0
323 324 2800.000178571423
324 323 2800.000178571423
324 325 688.0
324 390 150.23315213360866
325 259 944.9068737182516
325 324 688.0
325 326 1617.0
326 325 1617.0
326 327 2365.0019027476487
326 392 2707.62128075549
327 261 944.9068737182516
327 326 2365.0019027476487
327 328 961.0005202912223
328 327 961.0005202912223
328 329 1618.0
328 394 1298.165628877918
329 263 702.5667228100118
329 328 1618.0
330 331 232.0
330 396 320.11560411826224
331 265 501.48280130030383
331 330 232.0
331 332 2295.0002178649133
332 331 2295.0002178649133
332 333 3265.000153139353
332 398 1525.0285243233977
333 267 1827.984956174421
333 332 3265.000153139353
333 334 1122.0004456327101
334 333 1122.0004456327101
334 335 1617.0
334 400 1050.4936934603654
335 269 2348.7411521919566
335 334 1617.0
335 336 2092.0002390057225
336 335 2092.0002390057225
336 337 31.016124838541646
336 402 2661.568334647826
337 271 1131.5392171727854
337 336 31.016124838541646
337 338 193.01036241611484
338 337 193.01036241611484
338 339 687.0
338 404 1963.7986149297487
339 273 330.7748478950599
339 338 687.0
339 340 1415.0003533568463
340 339 1415.0003533568463
340 341 465.0
340 406 1499.046363525825
341 275 576.6289968428573
341 340 465.0
341 342 232.0
342 341 232.0
342 343 3003.0
342 408 1924.8740218518199
343 277 2459.5928524859555
343 342 3003.0
343 344 2325.0002150537534
344 343 2325.0002150537534
344 345 273.00732590903124
344 410 1101.5280296025153
345 279 893.5144095088785
345 344 273.00732590903124
345 346 697.0
346 345 697.0
346 347 1010.0044554357173
346 412 1080.5045117906727
347 281 2413.626731704801
347 346 1010.0044554357173
347 348 2547.0
348 347 2547.0
348 349 3528.0012755099733
348 414 400.65571255131255
349 283 1989.8165744610733
349 348 3528.0012755099733
349 350 1385.0
350 349 1385.0
350 351 445.0011235940871
350 416 64.40496875241847
351 285 150.23315213360866
351 350 445.0011235940871
351 352 718.0006963784924
352 351 718.0006963784924
352 353 2538.0
352 418 736.8371597578396
353 287 3612.418718808771
353 352 2538.0
353 354 1870.00026737966
354 353 1870.00026737966
354 355 1203.001662509242
354 420 1202.1252014661368
355 289 321.0996729988992
355 354 1203.001662509242
355 356 1162.0
356 355 1162.0
356 357 2315.0
356 422 747.8101363314087
357 291 2651.6127168197095
357 356 2315.0
357 358 50.039984012787215
358 357 50.039984012787215
358 359 3508.000142531354
358 424 3263.398535269635
359 293 1333.262164767305
359 358 3508.000142531354
359 360 687.0007278016524
360 359 687.0007278016524
360 361 1588.0003148614298
360 426 711.7583859709698
361 295 1893.9192168622187
361 360 1588.0003148614298
361 362 920.0
362 361 920.0
362 363 3498.0001429388194
362 428 899.390905001824
363 297 84.95881355103778
363 362 3498.0001429388194
363 364 3245.0
364 363 3245.0
364 365 2103.000237755574
364 430 430.15462336234395
365 299 150.23315213360866
365 364 2103.000237755574
365 366 708.000706214337
366 365 708.000706214337
366 367 495.0010100999795
366 432 245.35892076710803
367 301 1545.0517790676142
367 366 495.0010100999795
367 368 1153.0
368 367 1153.0
368 369 971.0020597300502
368 434 737.905820548937
369 303 3617.449101231419
369 368 971.0020597300502
369 370 708.0
370 369 708.0
370 371 910.0
370 436 747.8101363314087
371 305 1490.0526836323606
371 370 910.0
371 372 1901.0010520775627
372 371 1901.0010520775627
372 373 243.0
372 438 1338.0500738014255
373 307 355.43916497763723
373 372 243.0
373 374 1385.0
374 373 1385.0
374 375 242.0
374 440 2267.619456610831
375 309 1064.421908831268
375 374 242.0
375 376 950.0005263156437
376 375 950.0005263156437
376 377 910.0
376 442 3147.463264281253
377 311 641.1123146532127
377 376 910.0
377 378 1628.0003071252781
378 377 1628.0003071252781
378 379 3701.0
378 444 3390.4300612164234
379 313 2277.5936863277434
379 378 3701.0
379 380 3114.0025690419716
380 379 3114.0025690419716
380 381 1153.0004336512627
380 446 495.7348081383836
381 315 1590.8500872175227
381 380 1153.0004336512627
381 382 889.0005624295184
382 381 889.0005624295184
382 383 698.0
382 448 2333.579439402053
383 317 59.0592922409336
383 382 698.0
383 384 2123.0009420629094
384 383 2123.0009420629094
384 385 2052.000243664703
384 450 240.26027553467927
385 319 1994.7310595666775
385 384 2052.000243664703
385 386 91.08786966440702
386 385 91.08786966440702
386 387 3265.000153139353
386 452 358.8328301591146
387 321 168.90825912311098
387 386 3265.000153139353
387 388 1628.0
388 387 1628.0
388 389 1638.0003052502768
388 454 1751.578145559027
389 323 3869.434713236547
389 388 1638.0003052502768
389 390 930.0
390 389 930.0
390 391 212.0
390 456 549.9272679182221
391 325 617.635815023708
391 390 212.0
391 392 475.0010526304126
392 391 475.0010526304126
392 393 30.01666203960727
392 458 127.58134659894448
393 327 376.19144062564743
393 392 30.01666203960727
393 394 708.0
394 393 708.0
394 395 748.0026737920126
394 460 1255.8427449326607
395 329 1070.5185659296153
395 394 748.0026737920126
396 397 223.0
396 462 2227.4346230585534
397 331 311.26355392175293
397 396 223.0
397 398 465.0
398 397 465.0
398 399 2285.0002188183703
398 464 1488.7108517102977
399 333 4026.3894496186035
399 398 2285.0002188183703
399 400 3953.000126486211
400 399 3953.000126486211
400 401 920.0
400 466 822.2323272652322
401 335 1746.897821854501
401 400 920.0
401 402 2315.0
402 401 2315.0
402 403 2871.0027864841927
402 468 579.827560572969
403 337 188.16216410320115
403 402 2871.0027864841927
403 404 2335.0
404 403 2335.0
404 405 445.0
404 470 1454.6356932235644
405 339 1721.910857158407
405 404 445.0
405 406 1638.0003052502768
406 405 1638.0003052502768
406 407 1830.0002732240234
406 472 978.94484012124
407 341 2863.567355589877
407 406 1830.0002732240234
407 408 707.0007072132248
408 407 707.0007072132248
408 409 2811.000177872638
408 474 1697.5446974969466
409 343 3890.447403577126
409 408 2811.000177872638
409 410 465.0
410 409 465.0
410 411 243.0
410 476 863.071839420103
411 345 586.6787877535713
411 410 243.0
411 412 202.00247523235947
412 411 202.00247523235947
412 413 2780.0
412 478 545.776511037256
413 347 2711.537755591834
413 412 2780.0
413 414 233.0
414 413 233.0
414 415 3043.00016431153
414 480 1272.795741664781
415 349 883.5315500874884
415 414 3043.00016431153
415 416 465.0
416 415 465.0
416 417 1375.0003636363156
416 482 589.7194248114946
417 351 893.5144095088785
417 416 1375.0003636363156
417 418 2345.0002132196064
418 417 2345.0002132196064
418 419 232.0
418 484 112.80514172678478
419 353 3041.4445581006403
419 418 232.0
419 420 30.01666203960727
420 419 30.01666203960727
420 421 283.0070670495703
420 486 364.91094804075146
421 355 285.7708872506085
421 420 283.0070670495703
421 422 697.0
422 421 697.0
422 423 3023.0
422 488 136.95619737711763
423 357 64.40496875241847
423 422 3023.0
423 424 3275.000152671752
424 423 3275.000152671752
424 425 212.00235847744713
424 490 58.52349955359813
425 359 459.8369276167368
425 424 212.00235847744713
425 426 940.0
426 425 940.0
426 427 1648.0003033980304
426 492 525.6786090378797
427 361 2526.4948050609564
427 426 1648.0003033980304
427 428 2548.0
428 427 2548.0
428 429 1466.003069573867
428 494 1706.8544167561568
429 363 1135.1916137815676
429 428 1466.003069573867
429 430 2538.0
430 429 2538.0
430 431 10.0
430 496 256.3298656028985
431 365 2540.5119562796785
431 430 10.0
431 432 3488.000143348621
432 431 3488.000143348621
432 433 2993.0
432 498 104.10091258005379
433 367 3248.384829419076
433 432 2993.0
433 434 2831.001589543884
434 433 2831.001589543884
434 435 1385.0
434 500 670.9411300553872
435 369 1620.8025789712947
435 434 1385.0
435 436 1658.000301568127
436 435 1658.000301568127
436 437 3892.0005138745805
436 502 3490.3581478123415
437 371 2236.651962197069
437 436 3892.0005138745805
437 438 2800.000178571423
438 437 2800.000178571423
438 439 475.0
438 504 1225.9400474737743
439 373 1569.894900940824
439 438 475.0
439 440 2083.0
440 439 2083.0
440 441 3761.0005317734267
440 506 3698.338005104455
441 375 1736.8710372390922
441 440 3761.0005317734267
441 442 3933.0
442 441 3933.0
442 443 1405.000355871841
442 508 1323.8704619410466
443 377 833.8159269287197
443 442 1405.000355871841
443 444 930.0
444 443 930.0
444 445 2578.00019394879
444 510 550.0118180548487
445 379 2889.523490127741
445 444 2578.00019394879
445 446 718.0006963784924
446 445 718.0006963784924
446 447 910.0005494503836
446 512 1488.7420864609155
447 381 737.8346698278687
447 446 910.0005494503836
447 448 708.000706214337
448 447 708.000706214337
448 449 920.0
448 514 559.8928468912601
449 383 2111.640357636688
449 448 920.0
449 450 223.0
450 449 223.0
450 451 1637.0
450 516 811.305121393918
451 385 186.5502613238588
451 450 1637.0
451 452 445.0
452 451 445.0
452 453 3730.000134048255
452 518 838.3185552044043
453 387 117.92370414806346
453 452 3730.000134048255
453 454 3488.0
454 453 3488.0
454 455 2598.000769822827
454 520 2960.3891636067037
455 389 792.3364184486285
455 454 2598.000769822827
455 456 687.0
456 455 687.0
456 457 1870.0
456 522 1024.0790985075323
457 391 2206.479548964821
457 456 1870.0
457 458 2800.000178571423
458 457 2800.000178571423
458 459 1122.0004456327101
458 524 289.01384049903214
459 393 1034.0236941192402
459 458 1122.0004456327101
459 460 930.0
460 459 930.0
460 461 960.000520833192
460 526 1817.6605843776224
461 395 1043.9703060911263
461 460 960.000520833192
462 463 496.0040322416744
462 528 2051.5852407345888
463 397 1508.7014283813746
463 462 496.0040322416744
463 464 445.0
464 463 445.0
464 465 243.0
464 530 761.5142808903848
465 399 555.8246126252417
465 464 243.0
465 466 2578.00019394879
466 465 2578.00019394879
466 467 1840.0002717391103
466 532 1680.6855744011132
467 401 1741.607590704634
467 466 1840.0002717391103
467 468 1152.0
468 467 1152.0
468 469 3498.0001429388194
468 534 3718.3497683784403
469 403 65.19202405202648
469 468 3498.0001429388194
469 470 930.0
470 469 930.0
470 471 1415.0003533568463
470 536 1181.1016044354524
471 405 3314.2920812746725
471 470 1415.0003533568463
471 472 698.0
472 471 698.0
472 473 2082.0
472 538 3490.3581478123415
473 407 727.2138612540331
473 472 2082.0
473 474 1678.00119189469
474 473 1678.00119189469
474 475 697.0007173597456
474 540 2833.4237240483462
475 409 419.2111639734801
475 474 697.0007173597456
475 476 910.0
476 475 910.0
476 477 667.0007496247662
476 542 1132.1046771390002
477 411 1286.7525014547282
477 476 667.0007496247662
477 478 1628.0003071252781
478 477 1628.0003071252781
478 479 445.0011235940871
478 544 741.5551226982388
479 413 2879.351663135297
479 478 445.0011235940871
479 480 1840.0
480 479 1840.0
480 481 1153.0
480 546 1131.0618904374774
481 415 2924.3310346128737
481 480 1153.0
481 482 1871.0002672367527
482 481 1871.0002672367527
482 483 1810.0011049720383
482 548 1615.773808427405
483 417 1024.0336908520148
483 482 1810.0011049720383
483 484 3265.000153139353
484 483 3265.000153139353
484 485 1385.0
484 550 269.4921149124775
485 419 1256.842074407123
485 484 1385.0
485 486 1648.0003033980304
486 485 1648.0003033980304
486 487 930.0
486 552 1186.0543832388125
487 421 852.1367261185261
487 486 930.0
487 488 283.0070670495703
488 487 283.0070670495703
488 489 708.0
488 554 215.87033144922904
489 423 2444.4328585584017
489 488 708.0
489 490 799.0100124529104
490 489 799.0100124529104
490 491 2548.0
490 556 615.7962325315087
491 425 2368.4864365243893
491 490 2548.0
491 492 1951.0064069602643
492 491 1951.0064069602643
492 493 2285.0002188183703
492 558 2276.3874889833673
493 427 3410.411851961578
493 492 2285.0002188183703
493 494 2568.0001947040423
494 493 2568.0001947040423
494 495 2770.0
494 560 208.2786594925174
495 429 2530.513979412088
495 494 2770.0
495 496 243.00205760445732
496 495 243.00205760445732
496 497 717.0006973497307
496 562 1898.4646428100789
497 431 979.4350412355074
497 496 717.0006973497307
497 498 2599.000769526627
498 497 2599.000769526627
498 499 223.0
498 564 1407.5684708034632
499 433 2859.509923046255
499 498 223.0
499 500 697.0
500 499 697.0
500 501 465.0
500 566 1630.4907236779975
501 435 256.1288738116029
501 500 465.0
501 502 2083.0
502 501 2083.0
502 503 1880.000265957428
502 568 1171.7175427550787
503 437 2282.5260129952517
503 502 1880.000265957428
503 504 707.0
504 503 707.0
504 505 1880.000265957428
504 570 243.47689828811275
505 439 1131.0618904374774
505 504 1880.000265957428
505 506 485.00103092673936
506 505 485.00103092673936
506 507 697.0
506 572 40.049968789001575
507 441 761.5142808903848
507 506 697.0
507 508 1850.0
508 507 1850.0
508 509 698.0
508 574 912.9211356957402
509 443 781.4147426303141
509 508 698.0
509 510 698.0
510 509 698.0
510 511 3508.000142531354
510 576 1657.5322017988067
511 445 384.88050093503045
511 510 3508.000142531354
511 512 1152.000434027696
512 511 1152.000434027696
512 513 1608.0
512 578 188.73261509341728
513 447 2186.4839354543633
513 512 1608.0
513 514 2336.000214041086
514 513 2336.000214041086
514 515 223.0
514 580 2226.4348182688846
515 449 146.4137971640651
515 514 223.0
515 516 1172.0
516 515 1172.0
516 517 1890.0002645502461
516 582 1261.8026787101064
517 451 2717.406484131515
517 516 1890.0002645502461
517 518 2325.0
518 517 2325.0
518 519 1870.00026737966
518 584 1959.5167771672689
519 453 1024.0790985075323
519 518 1870.00026737966
519 520 495.0010100999795
520 519 495.0010100999795
520 521 1385.0
520 586 842.1502241286884
521 455 1024.0336908520148
521 520 1385.0
521 522 687.0007278016524
522 521 687.0007278016524
522 523 960.000520833192
522 588 140.089257261219
523 457 1807.6374083316598
523 522 960.000520833192
523 524 708.000706214337
524 523 708.000706214337
524 525 465.0
524 590 842.1502241286884
525 459 374.95733090579785
525 524 465.0
525 526 515.0038834805034
526 525 515.0038834805034
526 527 2770.0
526 592 2468.3921892600456
527 461 1913.6021007513552
527 526 2770.0
528 529 2791.0
528 594 2702.358229398908
529 463 1236.8932856152142
529 528 2791.0
529 530 31.016124838541646
530 529 31.016124838541646
530 531 1637.0003054367462
530 596 2394.40431005292
531 465 1121.0713625813478
531 530 1637.0003054367462
531 532 222.0
532 531 222.0
532 533 1142.0004378282874
532 598 2202.4804198902652
533 467 983.1724162119277
533 532 1142.0004378282874
533 534 3548.001268319954
534 533 3548.001268319954
534 535 455.0
534 600 2509.351509852695
535 469 240.26027553467927
535 534 455.0
535 536 485.00103092673936
536 535 485.00103092673936
536 537 232.0
536 602 3702.2270324765336
537 471 469.669032404735
537 536 232.0
537 538 3721.0
538 537 3721.0
538 539 2336.000214041086
538 604 3527.250062017152
539 473 929.400344308092
539 538 2336.000214041086
539 540 2083.0
540 539 2083.0
540 541 30.01666203960727
540 606 1899.4643981922904
541 475 3500.342983194647
541 540 30.01666203960727
541 542 3721.000134372478
542 541 3721.000134372478
542 543 688.0
542 608 1145.733825982283
543 477 1111.0810051476894
543 542 688.0
543 544 222.0
544 543 222.0
544 545 1365.0003663003172
544 610 1337.6912947313367
545 479 1660.6938309032162
545 544 1365.0003663003172
545 546 950.0005263156437
546 545 950.0005263156437
546 547 475.0
546 612 1751.578145559027
547 481 1808.6638714808232
547 546 475.0
547 548 1678.00119189469
548 547 1678.00119189469
548 549 3488.0
548 614 131.3202193114221
549 483 79.20227269466452
549 548 3488.0
549 550 3063.00065295455
550 549 3063.00065295455
550 551 2537.0001970831613
550 616 378.565714242587
551 485 1417.8818709610473
551 550 2537.0001970831613
551 552 1880.000265957428
552 551 1880.000265957428
552 553 253.00197627686626
552 618 2256.4097588868917
553 487 51.03920062069938
553 552 253.00197627686626
553 554 495.0010100999795
554 553 495.0010100999795
554 555 2092.0
554 620 65.19202405202648
555 489 1175.0642535623317
555 554 2092.0
555 556 2587.0001932740556
556 555 2587.0001932740556
556 557 2780.0
556 622 3226.2733920112846
557 491 384.88050093503045
557 556 2780.0
557 558 707.0
558 557 707.0
558 559 3275.000152671752
558 624 747.2382484857155
559 493 3284.268563927134
559 558 3275.000152671752
559 560 920.0005434781003
560 559 920.0005434781003
560 561 273.00183149568795
560 626 64.53681120105021
561 495 2839.325624157962
561 560 273.00183149568795
561 562 698.0
562 561 698.0
562 563 243.00205760445732
562 628 265.34505836740203
563 497 1424.6192473780495
563 562 243.00205760445732
563 564 232.0
564 563 232.0
564 565 233.0
564 630 2277.387318837092
565 499 1417.56446061546
565 564 233.0
565 566 910.0
566 565 910.0
566 567 10.0
566 632 650.4229393248673
567 501 1175.680653919252
567 566 10.0
567 568 263.0019011338131
568 567 263.0019011338131
568 569 940.0
568 634 1569.5891182089663
569 503 1649.4850711661504
569 568 940.0
569 570 1182.0004230117686
570 569 1182.0004230117686
570 571 1142.0
570 636 1103.8378504110103
571 505 2782.287548043875
571 570 1142.0
571 572 3265.000153139353
572 571 3265.000153139353
572 573 3022.0
572 638 1093.8852773485892
573 507 2327.343764895938
573 572 3022.0
573 574 435.00114942376877
574 573 435.00114942376877
574 575 2093.0002388915295
574 640 2879.351663135297
575 509 1879.4693399999906
575 574 2093.0002388915295
575 576 920.0
576 575 920.0
576 577 930.0
576 642 1959.5167771672689
577 511 2781.302212993043
577 576 930.0
577 578 1445.0013840823822
578 577 1445.0013840823822
578 579 1415.0003533568463
578 644 398.32775449370837
579 513 2839.325624157962
579 578 1415.0003533568463
579 580 2729.0007328690845
580 579 2729.0007328690845
580 581 233.0
580 646 3011.2791302036417
581 515 2236.432874020591
581 580 233.0
581 582 2325.0002150537534
582 581 2325.0002150537534
582 583 2547.0
582 648 942.8488744226192
583 517 3176.30477127117
583 582 2547.0
583 584 2810.0001779359372
584 583 2810.0001779359372
584 585 263.0019011338131
584 650 468.70993162082664
585 519 354.8647629731642
585 584 263.0019011338131
585 586 698.0
586 585 698.0
586 587 707.0
586 652 244.46267608778237
587 521 168.8342382338369
587 586 707.0
587 588 657.0007610345668
588 587 657.0007610345668
588 589 1192.001677851168
588 654 41.048751503547585
