262
0 1 152.34500319997372
0 16 239.0188277102873
1 0 152.34500319997372
1 2 69.1158447825099
2 1 69.1158447825099
2 3 81.78630692236935
2 18 61.71709649683789
3 2 81.78630692236935
3 4 70.09279563550022
4 3 70.09279563550022
4 5 104.69479452198185
4 20 48.79549159502341
5 4 104.69479452198185
5 6 59.033888572581766
6 5 59.033888572581766
6 7 53.75872022286245
6 22 63.694583757176716
7 6 53.75872022286245
7 8 79.39773296511683
8 7 79.39773296511683
8 9 54.120236510939236
8 24 124.84390253432484
9 8 54.120236510939236
9 10 21.840329667841555
10 9 21.840329667841555
10 11 99.40321926376429
10 26 57.38466694161429
11 10 99.40321926376429
11 12 106.73331251301067
12 11 106.73331251301067
12 13 176.1817243643619
12 28 141.1523999087511
13 12 176.1817243643619
13 14 87.78382538941898
14 13 87.78382538941898
14 15 21.18962010041709
14 30 157.7244432546839
15 14 21.18962010041709
16 17 143.75326083258076
16 32 174.73408368146153
17 1 50.35871324805669
17 16 143.75326083258076
17 18 31.622776601683793
18 17 31.622776601683793
18 19 145.83552379307312
18 34 105.60303025955268
19 3 144.2497833620557
19 18 145.83552379307312
19 20 150.0
20 19 150.0
20 21 94.92101980067429
20 36 87.80091115700337
21 5 40.22437072223753
21 20 94.92101980067429
21 22 10.770329614269007
22 21 10.770329614269007
22 23 106.38138934982942
22 38 83.24061508662703
23 7 103.58571330062848
23 22 106.38138934982942
23 24 120.16655108639841
24 23 120.16655108639841
24 25 119.85407794480753
24 40 91.83681179135085
25 9 52.55473337388365
25 24 119.85407794480753
25 26 40.0
26 25 40.0
26 27 125.25174649480941
26 42 59.93329625508679
27 11 109.41663493271945
27 26 125.25174649480941
27 28 126.26955294131677
28 27 126.26955294131677
28 29 146.5639792036229
28 44 81.02468759581859
29 13 146.6594695203825
29 28 146.5639792036229
29 30 71.69379331573968
30 29 71.69379331573968
30 31 195.2434377898525
30 46 196.22945752358385
31 15 57.0087712549569
31 30 195.2434377898525
32 33 70.71067811865476
32 48 45.60701700396552
33 17 111.28791488746656
33 32 70.71067811865476
33 34 29.614185789921695
34 33 29.614185789921695
34 35 183.6327857437228
34 50 152.3975065412817
35 19 168.50222550459088
35 34 183.6327857437228
35 36 128.15615474880636
36 35 128.15615474880636
36 37 66.2117814289874
36 52 132.3782459469833
37 21 92.78469701410896
37 36 66.2117814289874
37 38 12.083045973594572
38 37 12.083045973594572
38 39 65.06919393998976
38 54 47.75981574503821
39 23 6.324555320336759
39 38 65.06919393998976
39 40 75.59100475585703
40 39 75.59100475585703
40 41 117.41379816699569
40 56 128.16005617976296
41 25 65.76473218982953
41 40 117.41379816699569
41 42 45.17742799230607
42 41 45.17742799230607
42 43 83.00602387778854
42 58 49.03060268852505
43 27 62.24146527838174
43 42 83.00602387778854
43 44 44.82186966202994
44 43 44.82186966202994
44 45 18.973665961010276
44 60 161.60754932861275
45 29 129.80754985747168
45 44 18.973665961010276
45 46 144.06942770761603
46 45 144.06942770761603
46 47 118.4736257569591
46 62 138.4629914453678
47 31 86.68333173107735
47 46 118.4736257569591
48 49 165.74679484080528
48 64 51.24451190127583
49 33 67.468511173732
49 48 165.74679484080528
49 50 129.0968628588627
50 49 129.0968628588627
50 51 47.70744176750625
50 66 9.055385138137417
51 35 113.13708498984761
51 50 47.70744176750625
51 52 128.2653499585917
52 51 128.2653499585917
52 53 39.0
52 68 82.86132994346639
53 37 82.00609733428362
53 52 39.0
53 54 120.21647141718975
54 53 120.21647141718975
54 55 29.0
54 70 206.3492185592182
55 39 54.62600113499065
55 54 29.0
55 56 35.0
56 55 35.0
56 57 51.264022471905186
56 72 67.91170738539859
57 41 84.21995013059554
57 56 51.264022471905186
57 58 117.72000679578642
58 57 117.72000679578642
58 59 51.03920062069938
58 74 5.0990195135927845
59 43 74.33034373659252
59 58 51.03920062069938
59 60 189.04232330353963
60 59 189.04232330353963
60 61 101.11874208078342
60 76 166.30694513459142
61 45 115.42096863222038
61 60 101.11874208078342
61 62 107.41508273980894
62 61 107.41508273980894
62 63 126.58988901172162
62 78 113.6001760562016
63 47 124.34226956268733
63 62 126.58988901172162
64 65 123.4382436686459
64 80 124.47088012864695
65 49 169.94410845922255
65 64 123.4382436686459
65 66 55.47071299343465
66 65 55.47071299343465
66 67 181.1573901335521
66 82 142.55525244620065
67 51 141.8731828077456
67 66 181.1573901335521
67 68 117.92370414806346
68 67 117.92370414806346
68 69 119.33147112141039
68 84 73.37574531137656
69 53 91.7877987534291
69 68 119.33147112141039
69 70 40.11234224026316
70 69 40.11234224026316
70 71 65.19202405202648
70 86 80.06247560499239
71 55 114.49454135459908
71 70 65.19202405202648
71 72 37.013511046643494
72 71 37.013511046643494
72 73 49.09175083453431
72 88 82.21921916437786
73 57 104.66135867644753
73 72 49.09175083453431
73 74 72.40165743959182
74 73 72.40165743959182
74 75 150.26975743641833
74 90 107.83784122468327
75 59 181.2181006411887
75 74 150.26975743641833
75 76 113.6001760562016
76 75 113.6001760562016
76 77 134.937022347464
76 92 19.1049731745428
77 61 68.94200461257273
77 76 134.937022347464
77 78 147.5127113166862
78 77 147.5127113166862
78 79 137.43725841270262
78 94 87.80091115700337
79 63 64.4437739428721
79 78 137.43725841270262
80 81 113.00442469213318
80 96 132.0075755401939
81 65 50.99019513592785
81 80 113.00442469213318
81 82 62.5859409132754
82 81 62.5859409132754
82 83 88.20430828479978
82 98 121.16517651536682
83 67 127.02755606560333
83 82 88.20430828479978
83 84 48.84669896727925
84 83 48.84669896727925
84 85 107.56393447619885
84 100 106.94391053257777
85 69 129.31357237351384
85 84 107.56393447619885
85 86 90.00555538409837
86 85 90.00555538409837
86 87 90.80198235721508
86 102 191.2694434560837
87 71 132.51792331605563
87 86 90.80198235721508
87 88 219.9659064491586
88 87 219.9659064491586
88 89 115.73245007343446
88 104 148.93287078412206
89 73 80.62257748298549
89 88 115.73245007343446
89 90 157.08914666519772
90 89 157.08914666519772
90 91 73.348483283569
90 106 38.8329756778952
91 75 155.72411502397438
91 90 73.348483283569
91 92 61.98386886924694
92 91 61.98386886924694
92 93 40.80441152620633
92 108 85.37564055396598
93 77 159.3047394147456
93 92 40.80441152620633
93 94 69.46221994724903
94 93 69.46221994724903
94 95 94.41398201537736
94 110 88.60022573334675
95 79 99.31767214348109
95 94 94.41398201537736
96 97 61.741396161732524
96 112 79.20858539325141
97 81 131.0267148332736
97 96 61.741396161732524
97 98 151.28780519261954
98 97 151.28780519261954
98 99 22.627416997969522
98 114 19.697715603592208
99 83 101.01980003939822
99 98 22.627416997969522
99 100 126.57013865837392
100 99 126.57013865837392
100 101 65.45991139621256
100 116 154.76756766196203
101 85 147.16657229140046
101 100 65.45991139621256
101 102 56.22277118748239
102 101 56.22277118748239
102 103 115.84903970253703
102 118 191.80198122021577
103 87 99.04544411531506
103 102 115.84903970253703
103 104 73.06161783043132
104 103 73.06161783043132
104 105 172.69916039170545
104 120 160.3277892319357
105 89 115.73245007343446
105 104 172.69916039170545
105 106 220.7192787229969
106 105 220.7192787229969
106 107 143.92359083902818
106 122 107.35455276791944
107 91 157.00318468107582
107 106 143.92359083902818
107 108 173.31185764395926
108 107 173.31185764395926
108 109 5.0990195135927845
108 124 129.5569372901351
109 93 123.68508398347798
109 108 5.0990195135927845
109 110 52.69724850502159
110 109 52.69724850502159
110 111 86.83317338436964
110 126 107.29864864013899
111 95 12.0
111 110 86.83317338436964
112 113 72.47068372797375
112 128 164.01524319403975
113 97 165.12419568312816
113 112 72.47068372797375
113 114 135.32922818075923
114 113 135.32922818075923
114 115 75.59100475585703
114 130 148.16544806398016
115 99 69.6419413859206
115 114 75.59100475585703
115 116 88.14193099768123
116 115 88.14193099768123
116 117 101.39033484509261
116 132 165.3027525481654
117 101 33.97057550292606
117 116 101.39033484509261
117 118 120.7683733433551
118 117 120.7683733433551
118 119 71.17583859709698
118 134 129.46814279968643
119 103 57.0350769263968
119 118 71.17583859709698
119 120 174.61385970191483
120 119 174.61385970191483
120 121 89.15716460273958
120 136 79.07591289387686
121 105 101.59232254457027
121 120 89.15716460273958
121 122 32.14031735997639
122 121 32.14031735997639
122 123 80.52328855678958
122 138 135.35139452550905
123 107 91.2414379544733
123 122 80.52328855678958
123 124 63.41135544995076
124 123 63.41135544995076
124 125 72.18032973047436
124 140 85.80209787645055
125 109 94.81033698917012
125 124 72.18032973047436
125 126 122.96747537458837
126 125 122.96747537458837
126 127 128.01562404644207
126 142 121.1486689980538
127 111 97.73944955850733
127 126 128.01562404644207
128 129 10.0
128 144 74.43117626371358
129 113 91.67878707749138
129 128 10.0
129 130 121.40016474453401
130 129 121.40016474453401
130 131 93.94147114027967
130 146 98.02040603874276
131 115 70.21395872616783
131 130 93.94147114027967
131 132 145.23085071705668
132 131 145.23085071705668
132 133 178.94133116750865
132 148 170.84495895401773
133 117 102.88342918079665
133 132 178.94133116750865
133 134 93.23089616645332
134 133 93.23089616645332
134 135 41.773197148410844
134 150 139.52060779684126
135 119 80.00624975587844
135 134 41.773197148410844
135 136 114.93476410555685
136 135 114.93476410555685
136 137 69.77105417004964
136 152 66.06814663663572
137 121 111.32834320154055
137 136 69.77105417004964
137 138 57.3149195236284
138 137 57.3149195236284
138 139 93.60021367496978
138 154 36.0
139 123 85.0
139 138 93.60021367496978
139 140 21.400934559032695
140 139 21.400934559032695
140 141 87.6184911990614
140 156 75.27283706623525
141 125 96.89685237405806
141 140 87.6184911990614
141 142 147.2582765076381
142 141 147.2582765076381
142 143 55.94640292279746
142 158 105.53672346628922
143 127 46.09772228646444
143 142 55.94640292279746
144 145 106.60675400742676
144 160 96.84007434941384
145 129 109.27488274987991
145 144 106.60675400742676
145 146 88.32326986700618
146 145 88.32326986700618
146 147 135.83077707206124
146 162 112.36102527122117
147 131 124.95199078045935
147 146 135.83077707206124
147 148 213.3565091577944
148 147 213.3565091577944
148 149 222.14409737825582
148 164 113.84638773364749
149 133 168.2973558912914
149 148 222.14409737825582
149 150 214.0140182324513
150 149 214.0140182324513
150 151 55.97320787662612
150 166 228.42942017174582
151 135 106.16967551989597
151 150 55.97320787662612
151 152 160.86329600005092
152 151 160.86329600005092
152 153 166.388100536066
152 168 116.0775602776006
153 137 35.4682957019364
153 152 166.388100536066
153 154 19.924858845171276
154 153 19.924858845171276
154 155 80.65358020571685
154 170 154.76756766196203
155 139 47.01063709417264
155 154 80.65358020571685
155 156 126.84636376341263
156 155 126.84636376341263
156 157 110.0
156 172 60.03332407921454
157 141 198.3456578803781
157 156 110.0
157 158 32.55764119219941
158 157 32.55764119219941
158 159 157.54681843820268
158 174 68.11754546370561
159 143 44.77722635447622
159 158 157.54681843820268
160 161 83.81527307120105
160 176 110.3177229641729
161 145 37.33630940518894
161 160 83.81527307120105
161 162 66.0
162 161 66.0
162 163 89.8443097808648
162 178 117.5925167687128
163 147 124.32618388738553
163 162 89.8443097808648
163 164 68.00735254367721
164 163 68.00735254367721
164 165 81.21576201698781
164 180 25.317977802344327
165 149 71.8679344353238
165 164 81.21576201698781
165 166 97.26767191621273
166 165 97.26767191621273
166 167 86.14522621712709
166 182 36.68787265568828
167 151 143.4015341619468
167 166 86.14522621712709
167 168 69.26037828369117
168 167 69.26037828369117
168 169 105.08092119885512
168 184 101.01980003939822
169 153 149.40214188558343
169 168 105.08092119885512
169 170 106.51291001564083
170 169 106.51291001564083
170 171 94.36630754670864
170 186 83.16850365372699
171 155 57.8013840664737
171 170 94.36630754670864
171 172 77.23341245859851
172 171 77.23341245859851
172 173 148.67750334196495
172 188 57.0087712549569
173 157 69.3757882838098
173 172 148.67750334196495
173 174 112.0044641967453
174 173 112.0044641967453
174 175 27.65863337187866
174 190 136.517398158623
175 159 108.04628637764465
175 174 27.65863337187866
176 177 109.04127658827184
176 192 33.97057550292606
177 161 58.180752831155424
177 176 109.04127658827184
177 178 62.26556030423239
178 177 62.26556030423239
178 179 13.601470508735444
178 194 138.95682782792647
179 163 51.0
179 178 13.601470508735444
179 180 80.30566605165541
180 179 80.30566605165541
180 181 116.92732785794773
180 196 74.88658090739622
181 165 94.81033698917012
181 180 116.92732785794773
181 182 163.682619724881
182 181 163.682619724881
182 183 186.6815470259447
182 198 139.2300254973761
183 167 176.30938715791623
183 182 186.6815470259447
183 184 112.76967677527502
184 183 112.76967677527502
184 185 35.0
184 200 142.9475428260311
185 169 115.7410903698423
185 184 35.0
185 186 94.33981132056604
186 185 94.33981132056604
186 187 76.05918747922567
186 202 153.3883959105121
187 171 42.95346318982906
187 186 76.05918747922567
187 188 173.6663467687393
188 187 173.6663467687393
188 189 89.37561188601732
188 204 135.05924625881784
189 173 97.14422267947796
189 188 89.37561188601732
189 190 55.758407437802596
190 189 55.758407437802596
190 191 130.24976007655445
190 206 20.248456731316587
191 175 137.48090776540573
191 190 130.24976007655445
192 193 56.85068161420758
192 208 128.0
193 177 118.82760622010359
193 192 56.85068161420758
193 194 83.45058418010026
194 193 83.45058418010026
194 195 135.77186748365804
194 210 74.33034373659252
195 179 39.11521443121589
195 194 135.77186748365804
195 196 129.5414991421668
196 195 129.5414991421668
196 197 98.8382517044894
196 212 101.9803902718557
197 181 107.07474025184464
197 196 98.8382517044894
197 198 88.60022573334675
198 197 88.60022573334675
198 199 17.69180601295413
198 214 45.31004303683677
199 183 43.104524124504614
199 198 17.69180601295413
199 200 108.37435120913067
200 199 108.37435120913067
200 201 212.8685040112792
200 216 132.90974381135493
201 185 63.7808748764079
201 200 212.8685040112792
201 202 173.6663467687393
202 201 173.6663467687393
202 203 62.6418390534633
202 218 65.76473218982953
203 187 101.53324578678651
203 202 62.6418390534633
203 204 83.72574275573791
204 203 83.72574275573791
204 205 97.0
204 220 26.248809496813376
205 189 74.72616676907762
205 204 97.0
205 206 57.3149195236284
206 205 57.3149195236284
206 207 79.62411694957753
206 222 70.21395872616783
207 191 47.16990566028302
207 206 79.62411694957753
208 209 161.23585209251695
208 224 130.04999038831184
209 193 111.66467659918243
209 208 161.23585209251695
209 210 181.51583952922675
210 209 181.51583952922675
210 211 174.04022523543227
210 226 174.92855684535903
211 195 42.720018726587654
211 210 174.04022523543227
211 212 121.63058825805291
212 211 121.63058825805291
212 213 78.02563681252464
212 228 109.04127658827184
213 197 69.8927750200262
213 212 78.02563681252464
213 214 82.0
214 213 82.0
214 215 71.02816342831905
214 230 104.9952379872535
215 199 11.704699910719626
215 214 71.02816342831905
215 216 151.47607071745688
216 215 151.47607071745688
216 217 173.25414857947845
216 232 93.90420650854784
217 201 127.76932339180638
217 216 173.25414857947845
217 218 125.51493934986385
218 217 125.51493934986385
218 219 116.43023662262307
218 234 51.264022471905186
219 203 55.86591089385369
219 218 116.43023662262307
219 220 87.46427842267951
220 219 87.46427842267951
220 221 151.52887513606112
220 236 111.19802156513397
221 205 139.83204210766573
221 220 151.52887513606112
221 222 70.9365914038728
222 221 70.9365914038728
222 223 23.706539182259394
222 238 146.44111444536333
223 207 95.4148835350125
223 222 23.706539182259394
224 225 51.0098029794274
224 240 5.385164807134504
225 209 62.12889826803627
225 224 51.0098029794274
225 226 49.39635614091387
226 225 49.39635614091387
226 227 175.5135322418189
226 242 57.48912940721924
227 211 195.1127878945919
227 226 175.5135322418189
227 228 98.00510190801293
228 227 98.00510190801293
228 229 151.42654985173505
228 244 232.64780248263682
229 213 45.12205669071391
229 228 151.42654985173505
229 230 150.11995203836165
230 229 150.11995203836165
230 231 15.297058540778355
230 246 168.04761230080004
231 215 116.69190203266035
231 230 15.297058540778355
231 232 157.78466338652817
232 231 157.78466338652817
232 233 138.69751259485514
232 248 37.8549864614954
233 217 111.80339887498948
233 232 138.69751259485514
233 234 126.53062870309307
234 233 126.53062870309307
234 235 109.78615577567146
234 250 105.67875850898325
235 219 163.47782724271815
235 234 109.78615577567146
235 236 92.0869154657707
236 235 92.0869154657707
236 237 49.36598018878993
236 252 43.04648650006177
237 221 104.23531071570709
237 236 49.36598018878993
237 238 182.2361105818493
238 237 182.2361105818493
238 239 86.05230967266364
238 254 89.5377015563835
239 223 137.7534028617805
239 238 86.05230967266364
240 241 19.4164878389476
240 256 85.58621384311844
241 225 37.33630940518894
241 240 19.4164878389476
241 242 49.64876634922564
242 241 49.64876634922564
242 243 121.26417442921878
242 258 59.665735560705194
243 227 107.54068997360952
243 242 121.26417442921878
243 244 193.86851214160592
244 243 193.86851214160592
244 245 126.62543188475212
244 260 143.17821063276352
245 229 128.42507543311004
245 244 126.62543188475212
245 246 92.43916918709297
246 245 92.43916918709297
246 247 237.6930794112441
247 231 165.21501142450705
247 246 237.6930794112441
247 248 72.56031973468694
248 247 72.56031973468694
248 249 21.95449840010015
249 233 97.74456506629922
249 248 21.95449840010015
249 250 93.33809511662427
250 249 93.33809511662427
250 251 49.57822102496216
251 235 15.652475842498529
251 250 49.57822102496216
251 252 134.16407864998737
252 251 134.16407864998737
252 253 120.0
253 237 150.23315213360866
253 252 120.0
253 254 138.6542462386205
254 253 138.6542462386205
254 255 106.06601717798213
255 239 134.41726079637243
255 254 106.06601717798213
256 257 106.06601717798213
257 241 141.0319112825179
257 256 106.06601717798213
257 258 160.0781059358212
258 257 160.0781059358212
258 259 160.0
259 243 78.00640999302557
259 258 160.0
259 260 141.4213562373095
260 259 141.4213562373095
260 261 40.0
261 245 78.44743462982075
261 260 40.0
