120
0 1 125.0
0 10 113.50770898930169
1 0 125.0
1 2 28.635642126552707
2 1 28.635642126552707
2 3 35.608987629529715
2 12 122.11879462228572
3 2 35.608987629529715
3 4 62.20128616033595
4 3 62.20128616033595
4 5 58.05170109479997
4 14 143.22360140703069
5 4 58.05170109479997
5 6 74.73285756613352
6 5 74.73285756613352
6 7 49.678969393496885
6 16 47.75981574503821
7 6 49.678969393496885
7 8 62.00806399170998
8 7 62.00806399170998
8 9 103.39245620450265
8 18 125.35549449465708
9 8 103.39245620450265
10 11 81.02468759581859
10 20 33.94112549695428
11 1 63.56099432828282
11 10 81.02468759581859
11 12 160.0281225285106
12 11 160.0281225285106
12 13 98.47842403288143
12 22 89.88882021697692
13 3 70.03570517957252
13 12 98.47842403288143
13 14 39.45883931389772
14 13 39.45883931389772
14 15 37.107950630558946
14 24 79.05694150420949
15 5 69.57010852370435
15 14 37.107950630558946
15 16 83.48652585896721
16 15 83.48652585896721
16 17 43.278170016764804
16 26 114.21471008587291
17 7 107.07940978544848
17 16 43.278170016764804
17 18 13.601470508735444
18 17 13.601470508735444
18 19 41.012193308819754
18 28 81.39410298049853
19 9 173.3032025093593
19 18 41.012193308819754
20 21 150.86417732516887
20 30 174.91712323268982
21 11 197.06090429103384
21 20 150.86417732516887
21 22 102.07840124139877
22 21 102.07840124139877
22 23 78.10249675906654
22 32 155.12897859523216
23 13 69.35416353759881
23 22 78.10249675906654
23 24 126.92123541787639
24 23 126.92123541787639
24 25 131.0953851209111
24 34 193.25630649476875
25 15 43.139309220245984
25 24 131.0953851209111
25 26 58.25804665451803
26 25 58.25804665451803
26 27 113.46365056704283
26 36 45.803929962395145
27 17 55.00909015790027
27 26 113.46365056704283
27 28 18.601075237738275
28 27 18.601075237738275
28 29 8.06225774829855
28 38 151.72672803431834
29 19 75.17978451685
29 28 8.06225774829855
30 31 64.19501538281614
30 40 80.15609770940699
31 21 50.566787519082126
31 30 64.19501538281614
31 32 123.69316876852982
32 31 123.69316876852982
32 33 157.8131806916013
32 42 46.57252408878007
33 23 31.016124838541646
33 32 157.8131806916013
33 34 71.30918594402827
34 33 71.30918594402827
34 35 18.439088914585774
34 44 121.01652779682617
35 25 47.265209192385896
35 34 18.439088914585774
35 36 35.4682957019364
36 35 35.4682957019364
36 37 96.04686356149273
36 46 60.440052945046304
37 27 53.2634959423431
37 36 96.04686356149273
37 38 106.3202708800161
38 37 106.3202708800161
38 39 116.29703349613007
38 48 156.02884348735012
39 29 46.400431032480725
39 38 116.29703349613007
40 41 17.029386365926403
40 50 57.38466694161429
41 31 69.85699678629192
41 40 17.029386365926403
41 42 53.600373133029585
42 41 53.600373133029585
42 43 49.040799340956916
42 52 158.67261893597143
43 33 66.49060083951716
43 42 49.040799340956916
43 44 32.69556544854363
44 43 32.69556544854363
44 45 43.9089968002003
44 54 88.68483523128404
45 35 132.00378782444085
45 44 43.9089968002003
45 46 100.43903623591775
46 45 100.43903623591775
46 47 14.212670403551895
46 56 64.07027391856539
47 37 47.853944456021594
47 46 14.212670403551895
47 48 107.2240644631605
48 47 107.2240644631605
48 49 20.024984394500787
48 58 97.62171889492625
49 39 56.824290580701486
49 48 20.024984394500787
50 51 146.4137971640651
50 60 103.94229168149026
51 41 87.28115489611719
51 50 146.4137971640651
51 52 192.09372712298546
52 51 192.09372712298546
52 53 79.81227975693966
52 62 25.942243542145693
53 43 94.33981132056604
53 52 79.81227975693966
53 54 19.849433241279208
54 53 19.849433241279208
54 55 79.40403012442127
54 64 148.66068747318505
55 45 34.23448553724738
55 54 79.40403012442127
55 56 118.37651794169315
56 55 118.37651794169315
56 57 214.0840956259946
56 66 17.0
57 47 171.05846953600397
57 56 214.0840956259946
57 58 113.13708498984761
58 57 113.13708498984761
58 59 57.4543296888929
58 68 95.71311299921238
59 49 75.43208866258443
59 58 57.4543296888929
60 61 117.5457357797381
60 70 57.4543296888929
61 51 223.0022421411946
61 60 117.5457357797381
61 62 37.69615364994153
62 61 37.69615364994153
62 63 32.7566787083184
62 72 13.341664064126334
63 53 96.84007434941384
63 62 32.7566787083184
63 64 159.66214329013624
64 63 159.66214329013624
64 65 61.1310068623117
64 74 48.79549159502341
65 55 73.78346698278686
65 64 61.1310068623117
65 66 191.88017094009479
66 65 191.88017094009479
66 67 209.267771049438
66 76 45.17742799230607
67 57 19.79898987322333
67 66 209.267771049438
67 68 23.769728648009426
68 67 23.769728648009426
68 69 115.15641536623133
68 78 29.120439557122072
69 59 16.401219466856727
69 68 115.15641536623133
70 71 43.56604182158393
70 80 99.46356116689167
71 61 103.23759005323593
71 70 43.56604182158393
71 72 96.46242791885346
72 71 96.46242791885346
72 73 117.98728745080972
72 82 19.1049731745428
73 63 121.82774724995944
73 72 117.98728745080972
73 74 32.69556544854363
74 73 32.69556544854363
74 75 60.4648658313239
74 84 30.463092423455635
75 65 68.9492567037528
75 74 60.4648658313239
75 76 146.4137971640651
76 75 146.4137971640651
76 77 147.82760229402356
76 86 129.6919426949878
77 67 91.21951545584969
77 76 147.82760229402356
77 78 84.87638069569178
78 77 84.87638069569178
78 79 171.29214809792072
78 88 171.97674261364529
79 69 59.81638571495272
79 78 171.29214809792072
80 81 124.2014492669067
80 90 102.17631819555841
81 71 64.35060217278468
81 80 124.2014492669067
81 82 67.68308503607086
82 81 67.68308503607086
82 83 61.032778078668514
82 92 66.2872536767062
83 73 95.33624704172071
83 82 61.032778078668514
83 84 153.26447729333762
84 83 153.26447729333762
84 85 29.274562336608895
84 94 189.69449122207
85 75 47.38143096192854
85 84 29.274562336608895
85 86 22.80350850198276
86 85 22.80350850198276
86 87 139.31618714277246
86 96 152.86922515666782
87 77 161.5239920259526
87 86 139.31618714277246
87 88 99.24716620639605
88 87 99.24716620639605
88 89 27.294688127912362
88 98 39.05124837953327
89 79 61.61168720299745
89 88 27.294688127912362
90 91 122.67436570041843
90 100 187.2591786802452
91 81 105.41821474489122
91 90 122.67436570041843
91 92 129.18978287774928
92 91 129.18978287774928
92 93 140.92906016858268
92 102 49.040799340956916
93 83 125.19584657647394
93 92 140.92906016858268
93 94 173.0664612222715
94 93 173.0664612222715
94 95 112.40106761058811
94 104 129.72663566130126
95 85 99.82484660644363
95 94 112.40106761058811
95 96 129.0968628588627
96 95 129.0968628588627
96 97 150.88074761214565
96 106 181.8598361376145
97 87 132.92479076530458
97 96 150.88074761214565
97 98 148.2767682410161
98 97 148.2767682410161
98 99 223.89506470666117
98 108 91.67878707749138
99 89 176.08236708995025
99 98 223.89506470666117
100 101 10.04987562112089
100 110 72.91776189653656
101 91 96.04165762834376
101 100 10.04987562112089
101 102 31.953090617340916
102 101 31.953090617340916
102 103 74.30343195303969
102 112 96.18731725128839
103 93 140.4314779527724
103 102 74.30343195303969
103 104 93.43446901438462
104 103 93.43446901438462
104 105 94.83142938920619
104 114 93.5200513259055
105 95 56.586217403180434
105 104 94.83142938920619
105 106 161.19863522995473
106 105 161.19863522995473
106 107 20.024984394500787
106 116 32.7566787083184
107 97 50.44799302251776
107 106 20.024984394500787
107 108 165.46298679765212
108 107 165.46298679765212
108 109 70.178344238091
108 118 63.06346010171025
109 99 187.17104476921637
109 108 70.178344238091
110 111 63.41135544995076
111 101 23.430749027719962
111 110 63.41135544995076
111 112 147.5127113166862
112 111 147.5127113166862
112 113 149.40548852033515
113 103 33.24154027718932
113 112 149.40548852033515
113 114 61.554853586049575
114 113 61.554853586049575
114 115 80.89499366462674
115 105 67.446274915669
115 114 80.89499366462674
115 116 113.01769772916099
116 115 113.01769772916099
116 117 64.07027391856539
117 107 46.87216658103186
117 116 64.07027391856539
117 118 87.0976463516667
118 117 87.0976463516667
118 119 72.18032973047436
119 109 91.706052144883
119 118 72.18032973047436
