137
0 1 11.228410395064824
0 11 82.08377427969549
1 0 11.228410395064824
1 2 3.979246159764434
2 1 3.979246159764434
2 3 15.538741905315234
2 13 77.81509172390662
3 2 15.538741905315234
3 4 14.393109462517142
4 3 14.393109462517142
4 5 10.641099567243973
4 15 59.90022537520205
5 4 10.641099567243973
5 6 2.4254690268069763
6 5 2.4254690268069763
6 7 9.691439521557152
6 17 8.938198923720602
7 6 9.691439521557152
7 8 2.6967573120323567
8 7 2.6967573120323567
8 9 9.630976066837663
8 19 20.269306845573187
9 8 9.630976066837663
9 10 9.417271367014973
10 9 9.417271367014973
10 21 34.28158981144254
11 12 4.239775937475943
11 22 39.414479572867634
12 1 74.54118123560963
12 11 4.239775937475943
12 13 2.0808652046684797
13 12 2.0808652046684797
13 14 2.4964775184247125
13 24 40.53918721434853
14 3 64.20686100410144
14 13 2.4964775184247125
14 15 8.058436572933985
15 14 8.058436572933985
15 16 11.321104186429874
15 26 44.04176654041026
16 5 61.144113371607574
16 15 11.321104186429874
16 17 69.77000286656151
17 16 69.77000286656151
17 18 4.9701609631882135
17 28 30.153137481860824
18 7 13.152494060063288
18 17 4.9701609631882135
18 19 9.923074120452789
19 18 9.923074120452789
19 20 1.2808200498118398
19 30 25.882986690102054
20 9 27.887721312434252
20 19 1.2808200498118398
20 21 5.350756955796057
21 20 5.350756955796057
21 32 20.86747229541711
22 23 9.767010801673154
22 33 20.61003881607213
23 12 36.42631191872161
23 22 9.767010801673154
23 24 7.208779369629783
24 23 7.208779369629783
24 25 9.354528315206483
24 35 26.368778887161234
25 14 34.59798404531686
25 24 9.354528315206483
25 26 4.595269306580413
26 25 4.595269306580413
26 27 3.6016801634792595
26 37 16.491758547832315
27 16 56.155068337595324
27 26 3.6016801634792595
27 28 20.69041565556381
28 27 20.69041565556381
28 29 2.1631689716709532
28 39 17.00682804052537
29 18 24.263266474240446
29 28 2.1631689716709532
29 30 4.209334864322395
30 29 4.209334864322395
30 31 2.4001041644061964
30 41 15.595989869193932
31 20 27.89535086712479
31 30 2.4001041644061964
31 32 4.790511454949247
32 31 4.790511454949247
32 43 13.217299270274532
33 34 3.263081365825866
33 44 27.240800281930042
34 23 19.672724773147213
34 33 3.263081365825866
34 35 15.57891202876504
35 34 15.57891202876504
35 36 1.499666629621399
35 46 12.94808480046374
36 25 17.75463038195953
36 35 1.499666629621399
36 37 4.253998119416607
37 36 4.253998119416607
37 38 3.317303121513018
37 48 12.058134184026978
38 27 16.66026710470154
38 37 3.317303121513018
38 39 5.50014545262214
39 38 5.50014545262214
39 40 14.450813125910942
39 50 13.634533362018663
40 29 10.37892576329554
40 39 14.450813125910942
40 41 3.597846578163114
41 40 3.597846578163114
41 42 4.473935627610215
41 52 27.6393288630531
42 31 10.080004960316238
42 41 4.473935627610215
42 43 5.610570380986232
43 42 5.610570380986232
43 54 17.449951289330297
44 45 3.4625568587389286
44 55 35.74936223207345
45 34 23.878965639239897
45 44 3.4625568587389286
45 46 1.3649908424601147
46 45 1.3649908424601147
46 47 2.196474447836817
46 57 31.468544612040777
47 36 10.792451065443837
47 46 2.196474447836817
47 48 9.424844826308814
48 47 9.424844826308814
48 49 4.90978614605565
48 59 18.601075237738275
49 38 13.811317822713367
49 48 4.90978614605565
49 50 2.938741227124305
50 49 2.938741227124305
50 51 29.03161208062687
50 61 20.826156630545167
51 40 26.849819366245278
51 50 29.03161208062687
51 52 4.133594077797185
52 51 4.133594077797185
52 53 3.0707979419037073
52 63 14.6797343300211
53 42 20.946837470128994
53 52 3.0707979419037073
53 54 4.227919109916835
54 53 4.227919109916835
54 65 10.578397799288888
55 56 3.109372927134988
55 66 14.378101404566598
56 45 35.401370029986126
56 55 3.109372927134988
56 57 4.270562023902708
57 56 4.270562023902708
57 58 0.9924716620639588
57 68 14.76647893033407
58 47 28.744950860977305
58 57 0.9924716620639588
58 59 1.7283807450906168
59 58 1.7283807450906168
59 60 4.142294050402499
59 70 20.112453853272115
60 49 21.392227560494952
60 59 4.142294050402499
60 61 3.1630365157550644
61 60 3.1630365157550644
61 62 3.920204076320527
61 72 17.637080257230796
62 51 17.282190254710194
62 61 3.920204076320527
62 63 4.364916952245477
63 62 4.364916952245477
63 64 3.5101139582640313
63 74 13.145664684602297
64 53 14.535986378639732
64 63 3.5101139582640313
64 65 3.6499999999999986
65 64 3.6499999999999986
65 76 21.132981332504883
66 67 2.09038274007418
66 77 23.55678458533763
67 56 17.275430530091
67 66 2.09038274007418
67 68 2.1914607000811106
68 67 2.1914607000811106
68 69 3.300802932621094
68 79 26.817548359236724
69 58 16.960123820302734
69 68 3.300802932621094
69 70 4.8304554650674545
70 69 4.8304554650674545
70 71 14.787156589419075
70 81 11.308757668285223
71 60 18.533585729696235
71 70 14.787156589419075
71 72 2.7704151313476473
72 71 2.7704151313476473
72 73 4.658433213001986
72 83 29.656331533080753
73 62 17.23078640109035
73 72 4.658433213001986
73 74 2.240580281980546
74 73 2.240580281980546
74 75 4.291945945605561
74 85 12.557722723487728
75 64 15.952642414346284
75 74 4.291945945605561
75 76 2.66030073487942
76 75 2.66030073487942
76 87 9.140005470457881
77 78 6.369207172011284
77 88 15.272697862525796
78 67 26.08172540304801
78 77 6.369207172011284
78 79 2.124241040936738
79 78 2.124241040936738
79 80 3.300378766141853
79 90 19.565472138438167
80 69 22.75514227597797
80 79 3.300378766141853
80 81 7.439852149068555
81 80 7.439852149068555
81 82 17.997210895024818
81 92 15.603323363950384
82 71 35.27308889224191
82 81 17.997210895024818
82 83 3.0485406344675794
83 82 3.0485406344675794
83 84 3.156010139400696
83 94 25.556212551941258
84 73 22.033451840326787
84 83 3.156010139400696
84 85 9.28245657140393
85 84 9.28245657140393
85 86 4.8110393887391965
85 96 22.197038090700296
86 75 7.963372401187828
86 85 4.8110393887391965
86 87 3.115798453045382
87 86 3.115798453045382
87 98 24.074096037027015
88 89 2.212261286557262
88 99 22.748021892023928
89 78 16.401219466856727
89 88 2.212261286557262
89 90 2.5091233528864265
90 89 2.5091233528864265
90 91 15.190750475206947
90 101 24.598101552762156
91 80 31.65426511546272
91 90 15.190750475206947
91 92 12.717271719987751
92 91 12.717271719987751
92 93 1.2725171904536299
92 103 24.616888511751444
93 82 26.849841712755023
93 92 1.2725171904536299
93 94 1.3207573584879284
94 93 1.3207573584879284
94 95 6.494004927623625
94 105 35.00315557203378
95 84 18.036244065769353
95 94 6.494004927623625
95 96 7.463846193484957
96 95 7.463846193484957
96 97 4.431895756896813
96 107 48.39320820115153
97 86 23.133103985414493
97 96 4.431895756896813
97 98 5.588559742903352
98 97 5.588559742903352
98 109 28.512167578070947
99 100 3.2405555079337813
99 110 23.764925836198184
100 89 21.50249287873385
100 99 3.2405555079337813
100 101 5.127621280866989
101 100 5.127621280866989
101 102 3.00323159280133
101 112 15.32964774546369
102 91 31.723456621244797
102 101 3.00323159280133
102 103 6.266234914204854
103 102 6.266234914204854
103 104 9.881295461628502
103 114 9.306024930119197
104 93 32.853878005495794
104 103 9.881295461628502
104 105 4.165309112178826
105 104 4.165309112178826
105 106 16.774340523549657
105 116 19.310424645771
106 95 49.69805730609599
106 105 16.774340523549657
106 107 13.146501435743275
107 106 13.146501435743275
107 108 13.800568828856298
107 118 25.7575969376027
108 97 30.294877454777726
108 107 13.800568828856298
108 109 4.859063695816308
109 108 4.859063695816308
109 120 18.320043668070227
110 111 2.154553317975683
110 121 17.649985835688366
111 100 20.55713987888393
111 110 2.154553317975683
111 112 2.7822652641328034
112 111 2.7822652641328034
112 113 3.9411927128725908
112 123 21.286286665362745
113 102 11.965270577801403
113 112 3.9411927128725908
113 114 4.566015768698129
114 113 4.566015768698129
114 115 6.911671288480091
114 125 21.210987718633
115 104 8.58727547013604
115 114 6.911671288480091
115 116 7.843583364763834
116 115 7.843583364763834
116 117 7.961061487012896
116 127 13.817329698606747
117 106 30.153210442670943
117 116 7.961061487012896
117 118 3.861217424595508
118 117 3.861217424595508
118 119 2.250799857828323
118 129 23.742417737037652
119 108 18.526543120614814
119 118 2.250799857828323
119 120 3.3842724476613886
120 119 3.3842724476613886
120 131 21.464785114228373
121 122 2.3155344955322934
121 132 17.502074162795676
122 111 20.585378305972426
122 121 2.3155344955322934
122 123 0.7280109889280534
123 122 0.7280109889280534
123 124 10.833951264427947
123 134 18.882036436782975
124 113 14.669986366728498
124 123 10.833951264427947
124 125 5.198922965384273
125 124 5.198922965384273
125 126 6.96954804847488
125 136 10.177042792481517
126 115 18.890447321331486
126 125 6.96954804847488
126 127 1.8593009439033785
127 126 1.8593009439033785
127 128 9.678429624686016
128 117 21.6412222390511
128 127 9.678429624686016
128 129 5.916629107862012
129 128 5.916629107862012
129 130 2.627108676853701
130 119 24.244768507865775
130 129 2.627108676853701
130 131 3.769681684174403
131 130 3.769681684174403
132 133 3.208815981012308
133 122 17.940624292370654
133 132 3.208815981012308
133 134 4.258931790954161
134 133 4.258931790954161
134 135 11.858941774037007
135 124 18.091591969752134
135 134 11.858941774037007
135 136 6.434695019967926
136 135 6.434695019967926
