202
0 1 16.35
0 14 23.523530772398942
1 0 16.35
1 2 2.7750315313523917
2 1 2.7750315313523917
2 3 4.767315806614873
2 16 9.95737415185349
3 2 4.767315806614873
3 4 1.084527546906944
4 3 1.084527546906944
4 5 1.9331321734428815
4 18 9.584388347724646
5 4 1.9331321734428815
5 6 1.0934349546269333
6 5 1.0934349546269333
6 7 1.123610252712211
6 20 7.786000256871301
7 6 1.123610252712211
7 8 4.225079880901662
8 7 4.225079880901662
8 9 1.0722872749408157
8 22 9.082824450577034
9 8 1.0722872749408157
9 10 3.0383219052628347
10 9 3.0383219052628347
10 11 2.644257929930437
10 24 7.258216034260761
11 10 2.644257929930437
11 12 3.097418279793674
12 11 3.097418279793674
12 13 1.5371727293964057
12 26 9.150021857897388
13 12 1.5371727293964057
14 15 5.650433611679727
14 28 8.243943231245591
15 1 4.864832987883551
15 14 5.650433611679727
15 16 10.58123338746481
16 15 10.58123338746481
16 17 1.3845215780189224
16 30 9.877702161940293
17 3 8.254241334005206
17 16 1.3845215780189224
17 18 3.1508728949292704
18 17 3.1508728949292704
18 19 2.750000000000002
18 32 5.011476828241351
19 5 8.967329591355501
19 18 2.750000000000002
19 20 1.9645864704817657
20 19 1.9645864704817657
20 21 3.984068272507388
20 34 5.2449213530805245
21 7 11.225528940767111
21 20 3.984068272507388
21 22 1.9250194804209129
22 21 1.9250194804209129
22 23 0.08000000000000007
22 36 4.335031718453738
23 9 8.523033497528917
23 22 0.08000000000000007
23 24 2.2719154913860673
24 23 2.2719154913860673
24 25 8.675165704469281
24 38 6.203007335156069
25 11 4.453144956095633
25 24 8.675165704469281
25 26 3.0893364983439406
26 25 3.0893364983439406
26 27 0.330151480384386
26 40 5.236831102871282
27 13 9.81871682044044
27 26 0.330151480384386
28 29 10.214597397841972
28 42 5.795731187693233
29 15 6.381535865291367
29 28 10.214597397841972
29 30 2.886260556498668
30 29 2.886260556498668
30 31 0.9234717104492103
30 44 6.4437566682797724
31 17 8.63264154242489
31 30 0.9234717104492103
31 32 1.742871194322747
32 31 1.742871194322747
32 33 2.096139308347611
32 46 5.7999396548584885
33 19 4.818339963099322
33 32 2.096139308347611
33 34 2.2589378034819796
34 33 2.2589378034819796
34 35 1.9259543089076625
34 48 4.555798503006905
35 21 6.093381655534141
35 34 1.9259543089076625
35 36 2.1958369702689686
36 35 2.1958369702689686
36 37 1.6493938280471399
36 50 9.603837774556585
37 23 5.111966353566888
37 36 1.6493938280471399
37 38 1.3313526955694346
38 37 1.3313526955694346
38 39 1.694018890095384
38 52 7.8309258711853476
39 25 6.261349694754318
39 38 1.694018890095384
39 40 1.2660568707605542
40 39 1.2660568707605542
40 41 1.1462983904725674
40 54 7.741330634974842
41 27 5.059505904730221
41 40 1.1462983904725674
42 43 0.7580237463298879
42 56 4.92930015316576
43 29 8.208684425655552
43 42 0.7580237463298879
43 44 0.8260750571225354
44 43 0.8260750571225354
44 45 1.0381714694596453
44 58 6.757876885531431
45 31 7.794164483766042
45 44 1.0381714694596453
45 46 1.041201229350023
46 45 1.041201229350023
46 47 0.7186793443532394
46 60 5.9581372928122445
47 33 5.330853590186098
47 46 0.7186793443532394
47 48 0.566127194188727
48 47 0.566127194188727
48 49 1.6519382555047304
48 62 8.932776723953198
49 35 4.60179312877057
49 48 1.6519382555047304
49 50 10.825659333269268
50 49 10.825659333269268
50 51 2.567800615312645
50 64 6.1491869381244255
51 37 7.9218684664667345
51 50 2.567800615312645
51 52 1.461677118928801
52 51 1.461677118928801
52 53 3.1506507264373176
52 66 9.64303894008523
53 39 9.419835455038479
53 52 3.1506507264373176
53 54 0.7802563681252461
54 53 0.7802563681252461
54 55 2.2501999911119013
54 68 5.936143529262074
55 41 4.373785545725807
55 54 2.2501999911119013
56 57 1.4159802258506315
56 70 4.736296021154084
57 43 6.378777312306803
57 56 1.4159802258506315
57 58 0.40311288741492707
58 57 0.40311288741492707
58 59 0.8528774824088158
58 72 5.3189848655547065
59 45 6.868573359876125
59 58 0.8528774824088158
59 60 0.27459060435492266
60 59 0.27459060435492266
60 61 1.0900000000000034
60 74 51.20136912231937
61 47 6.348936918886502
61 60 1.0900000000000034
61 62 2.0319448811422007
62 61 2.0319448811422007
62 63 1.020784012413988
62 76 30.411040758250945
63 49 10.751297596104388
63 62 1.020784012413988
63 64 1.3729530217745984
64 63 1.3729530217745984
64 65 1.2625371281669304
64 78 29.596812328357256
65 51 6.688714375722738
65 64 1.2625371281669304
65 66 3.1372918257631075
66 65 3.1372918257631075
66 67 5.7029203045457315
66 80 23.260696464207605
67 53 11.225297323456514
67 66 5.7029203045457315
67 68 10.627008045541322
68 67 10.627008045541322
68 69 0.8657944328765341
68 82 21.91996806567017
69 55 8.35274805079143
69 68 0.8657944328765341
70 71 1.2971121771072838
70 84 12.78688390500203
71 57 3.195309061734092
71 70 1.2971121771072838
71 72 1.7641145087550296
72 71 1.7641145087550296
72 73 16.961441566093374
72 86 18.926642597143317
73 59 22.943053414922787
73 72 16.961441566093374
73 74 29.930006682257854
74 73 29.930006682257854
74 75 20.966492315120338
74 88 67.06650207070591
75 61 70.55605502010441
75 74 20.966492315120338
75 76 92.08178810166537
76 75 92.08178810166537
76 77 6.530581903628499
76 90 14.034885108186675
77 63 24.900058232863636
77 76 6.530581903628499
77 78 8.662759375626223
78 77 8.662759375626223
78 79 4.136786192202839
78 92 17.943115671476903
79 65 25.833700857600714
79 78 4.136786192202839
79 80 1.6429546554911312
80 79 1.6429546554911312
80 81 2.415988410568226
80 94 15.473050765766914
81 67 31.09870897641894
81 80 2.415988410568226
81 82 14.672130043044191
82 81 14.672130043044191
82 83 5.884122704362989
82 96 9.051596544256705
83 69 15.675627579143363
83 82 5.884122704362989
84 85 5.093220984799304
84 98 7.268184092330077
85 71 16.82379267585047
85 84 5.093220984799304
85 86 2.402353013193521
86 85 2.402353013193521
86 87 2.510239032442927
86 100 5.363730045406833
87 73 35.597092577905855
87 86 2.510239032442927
87 88 3.737512541784977
88 87 3.737512541784977
88 89 2.824553061990519
88 102 12.140461276244821
89 75 88.181798575443
89 88 2.824553061990519
89 90 1.8261708572858129
90 89 1.8261708572858129
90 91 8.152705072551072
90 104 13.447694969770842
91 77 14.09976240934577
91 90 8.152705072551072
91 92 0.8558621384311859
92 91 0.8558621384311859
92 93 2.1260291625469288
92 106 5.092003534955569
93 79 12.57060062208644
93 92 2.1260291625469288
93 94 4.524289999546889
94 93 4.524289999546889
94 95 1.1375851616472497
94 108 2.2242302039132533
95 81 16.44788740233833
95 94 1.1375851616472497
95 96 0.9984988733093333
96 95 0.9984988733093333
96 97 1.9956452590578324
96 110 4.023940854436109
97 83 9.240633095194289
97 96 1.9956452590578324
98 99 2.17572976263138
98 112 3.7722274586774325
99 85 7.379444423532163
99 98 2.17572976263138
99 100 1.947434209415046
100 99 1.947434209415046
100 101 1.8754199529705335
100 114 1.2028299963003923
101 87 3.0594280511232785
101 100 1.8754199529705335
101 102 7.421704655939902
102 101 7.421704655939902
102 103 1.000449898795537
102 116 7.411187489194967
103 89 14.046280646491445
103 102 1.000449898795537
103 104 0.4753945729601896
104 103 0.4753945729601896
104 105 0.5727128425310495
104 118 1.8751533270642173
105 91 6.172236223606487
105 104 0.5727128425310495
105 106 0.7017834423809105
106 105 0.7017834423809105
106 107 0.1941648783894758
106 120 2.927148783372656
107 93 6.744627491566898
107 106 0.1941648783894758
107 108 0.1200000000000001
108 107 0.1200000000000001
108 109 0.03999999999999915
108 122 2.508904143246609
109 95 3.1767436157172004
109 108 0.03999999999999915
109 110 0.15033296378372932
110 109 0.15033296378372932
110 111 2.013578903345979
110 124 5.304564072569962
111 97 3.9884834210511646
111 110 2.013578903345979
112 113 0.9104943712072039
112 126 6.640632499995765
113 99 2.3413884769512316
113 112 0.9104943712072039
113 114 0.6280127387243027
114 113 0.6280127387243027
114 115 0.7736924453553865
114 128 6.763726783364329
115 101 1.9370596273734084
115 114 0.7736924453553865
115 116 1.0358571330062845
116 115 1.0358571330062845
116 117 7.105955248944366
116 130 6.376080300623576
117 103 1.3789851340750532
117 116 7.105955248944366
117 118 2.034944716693798
118 117 2.034944716693798
118 119 0.8205485969764378
118 132 5.296461082647546
119 105 2.7089665926326942
119 118 0.8205485969764378
119 120 1.1531695452100703
120 119 1.1531695452100703
120 121 1.4948244044034047
120 134 6.775846810547001
121 107 4.503443127208335
121 120 1.4948244044034047
121 122 2.810266891240046
122 121 2.810266891240046
122 123 1.0400961494015826
122 136 4.0872484632084705
123 109 3.4785054261852166
123 122 1.0400961494015826
123 124 3.000833217624732
124 123 3.000833217624732
124 125 1.1761377470347598
124 138 3.8873126964523914
125 111 3.7248624135664397
125 124 1.1761377470347598
126 127 0.346698716467197
126 140 7.405086089978969
127 113 7.200027777724192
127 126 0.346698716467197
127 128 0.9176055797563564
128 127 0.9176055797563564
128 129 0.7653103945458973
128 142 4.552142352782918
129 115 6.090065681090806
129 128 0.7653103945458973
129 130 0.9751410154434084
130 129 0.9751410154434084
130 131 2.9208389205842895
130 144 5.405922677952395
131 117 5.053998417095124
131 130 2.9208389205842895
131 132 1.8085353189805276
132 131 1.8085353189805276
132 133 1.3548431643551975
132 146 5.984688797255875
133 119 5.848709259315255
133 132 1.3548431643551975
133 134 2.020618717126019
134 133 2.020618717126019
134 135 1.4252368224263683
134 148 6.91369655104995
135 121 4.777164430915062
135 134 1.4252368224263683
135 136 8.125103076269246
136 135 8.125103076269246
136 137 1.7380736463107644
136 150 10.84550598174193
137 123 3.180015723231569
137 136 1.7380736463107644
137 138 1.8800265955565636
138 137 1.8800265955565636
138 139 1.2100000000000009
138 152 8.944523464109203
139 125 2.9415982050579195
139 138 1.2100000000000009
140 141 5.02340521956969
140 154 9.89657011292296
141 127 3.0066093860027796
141 140 5.02340521956969
141 142 2.6303041649208545
142 141 2.6303041649208545
142 143 0.8315046602394944
142 156 12.273695450026448
143 129 5.4237348755262715
143 142 0.8315046602394944
143 144 1.133578404875462
144 143 1.133578404875462
144 145 5.448017988222868
144 158 9.691382770275874
145 131 8.269171663473912
145 144 5.448017988222868
145 146 4.037288694160968
146 145 4.037288694160968
146 147 2.1436650857818265
146 160 13.727206562152404
147 133 7.670006518902055
147 146 2.1436650857818265
147 148 1.395170240508307
148 147 1.395170240508307
148 149 1.1968291440301746
148 162 9.929738163718113
149 135 6.109247089453819
149 148 1.1968291440301746
149 150 1.010445446325529
150 149 1.010445446325529
150 151 2.8321899653801474
150 164 10.048253579602775
151 137 9.48540984881518
151 150 2.8321899653801474
151 152 0.8538149682454644
152 151 0.8538149682454644
152 153 2.0038463014912105
152 166 12.287041954840072
153 139 7.269112738154502
153 152 2.0038463014912105
154 155 17.700002824858533
154 168 14.483825461527767
155 141 10.671579077156297
155 154 17.700002824858533
155 156 4.198392549536069
156 155 4.198392549536069
156 157 1.2175795661885902
156 170 6.282396039728784
157 143 11.809610493153444
157 156 1.2175795661885902
157 158 1.6707483353276145
158 157 1.6707483353276145
158 159 2.861223514512629
158 172 5.54549366603191
159 145 16.01242017934828
159 158 2.861223514512629
159 160 1.8346934348822406
160 159 1.8346934348822406
160 161 2.291658787865246
160 174 6.741431598703648
161 147 15.421504466166722
161 160 2.291658787865246
161 162 6.419423650141811
162 161 6.419423650141811
162 163 2.1931712199461333
162 176 6.966275906106503
163 149 9.422234342235388
163 162 2.1931712199461333
163 164 0.5943904440685406
164 163 0.5943904440685406
164 165 2.9878587650690607
164 178 8.304083332915202
165 151 14.809523962639718
165 164 2.9878587650690607
165 166 9.277090061005122
166 165 9.277090061005122
166 167 1.1920151005754884
166 180 12.80090621792067
167 153 12.025926159760001
167 166 1.1920151005754884
168 169 1.8396738841436011
168 182 11.554241645387203
169 155 4.601836589884526
169 168 1.8396738841436011
169 170 1.245351356043742
170 169 1.245351356043742
170 171 4.0941421567893785
170 184 4.02394085443611
171 157 5.616493568054715
171 170 4.0941421567893785
171 172 2.3847222060441333
172 171 2.3847222060441333
172 173 2.330085835328817
172 186 4.862972342096957
173 159 4.633141482838615
173 172 2.330085835328817
173 174 3.4893265825944138
174 173 3.4893265825944138
174 175 1.9625493624365231
174 188 2.6667208327832137
175 161 7.560661346734165
175 174 1.9625493624365231
175 176 1.2536347155371823
176 175 1.2536347155371823
176 177 2.452203091099918
176 190 3.862188498765952
177 163 5.7118911054045824
177 176 2.452203091099918
177 178 4.039430652950984
178 177 4.039430652950984
178 179 3.640329655402107
178 192 6.269106794432525
179 165 5.930977996924286
179 178 3.640329655402107
179 180 1.283160161476346
180 179 1.283160161476346
180 181 1.324009063413088
180 194 3.1400636936215145
181 167 13.143975806429346
181 180 1.324009063413088
182 183 14.210306119151692
182 196 10.0265347952321
183 169 3.7137178137279063
183 182 14.210306119151692
183 184 0.8309632964216874
184 183 0.8309632964216874
184 185 1.3395894893585862
184 198 10.055416450848771
185 171 6.302967555048971
185 184 1.3395894893585862
185 186 2.2770595073471345
186 185 2.2770595073471345
186 187 1.9911052207254145
186 200 11.981840426245043
187 173 4.923098617740657
187 186 1.9911052207254145
187 188 2.2722015755649845
188 187 2.2722015755649845
188 189 3.0768977883576163
189 175 4.277066751875632
189 188 3.0768977883576163
189 190 3.2863657739210965
190 189 3.2863657739210965
190 191 1.8026924307823577
191 177 6.532419153728576
191 190 1.8026924307823577
191 192 3.8833233190142686
192 191 3.8833233190142686
192 193 1.2999999999999965
193 179 3.4090614544182034
193 192 1.2999999999999965
193 194 3.2698012171996034
194 193 3.2698012171996034
194 195 0.8728115489611767
195 181 2.308679276123041
195 194 0.8728115489611767
196 197 3.1686590223626157
197 183 9.999249971872889
197 196 3.1686590223626157
197 198 2.4954558701768326
198 197 2.4954558701768326
198 199 2.0700241544484435
199 185 11.136987923132537
199 198 2.0700241544484435
199 200 2.901723625709378
200 199 2.901723625709378
200 201 8.130614982890286
201 187 17.175485437099006
201 200 8.130614982890286
