21
0 1 541.1330705103875
0 4 673.5911222692888
1 0 541.1330705103875
1 2 260.1922366251537
2 1 260.1922366251537
2 3 169.77926846349644
2 6 649.4259003150398
3 2 169.77926846349644
4 5 269.60897611170145
4 8 205.0
5 1 198.36582366930045
5 4 269.60897611170145
5 6 651.5773169778089
6 5 651.5773169778089
6 7 334.8342873721268
6 10 581.6605539315865
7 3 330.49205739321485
7 6 334.8342873721268
8 9 283.0635970943632
8 12 259.61509971494337
9 5 676.5715039816561
9 8 283.0635970943632
9 10 332.00150602068055
10 9 332.00150602068055
10 11 612.1478579559026
10 14 141.4213562373095
11 7 568.5068161420758
11 10 612.1478579559026
12 13 577.2564421468157
12 16 402.15046935195784
13 9 551.0898293381941
13 12 577.2564421468157
13 14 407.4616546375867
14 13 407.4616546375867
14 15 33.54101966249684
14 18 443.2268042436062
15 11 493.9635614091388
15 14 33.54101966249684
16 17 483.3735615442781
16 20 450.24993059410906
17 13 631.2289600454022
17 16 483.3735615442781
17 18 604.6693311223912
18 17 604.6693311223912
18 19 250.0
19 15 283.0635970943632
19 18 250.0
