229
0 1 8.416085788536142
0 15 18.214140111462854
1 0 8.416085788536142
1 2 11.24157462280085
2 1 11.24157462280085
2 3 5.707889277132134
2 17 12.122376004727782
3 2 5.707889277132134
3 4 2.7082282030877676
4 3 2.7082282030877676
4 5 4.326337943341919
4 19 18.02372048163198
5 4 4.326337943341919
5 6 4.890040899624461
6 5 4.890040899624461
6 7 2.319353358158258
6 21 24.26737727897269
7 6 2.319353358158258
7 8 5.241869895371306
8 7 5.241869895371306
8 9 6.355603826545514
8 23 22.36653974131895
9 8 6.355603826545514
9 10 3.982122549595878
10 9 3.982122549595878
10 11 11.482029437342513
10 25 28.255309235610923
11 10 11.482029437342513
11 12 6.692159591641549
12 11 6.692159591641549
12 13 5.135065724993204
12 27 22.49269436950584
13 12 5.135065724993204
13 14 2.539488137400928
14 13 2.539488137400928
14 29 23.226211486163635
15 16 3.265348373451141
15 30 43.60053784071935
16 1 14.934004821212564
16 15 3.265348373451141
16 17 2.3294849216082025
17 16 2.3294849216082025
17 18 4.1110825824836015
17 32 38.52963794275777
18 3 17.331733900565172
18 17 4.1110825824836015
18 19 6.703610967232512
19 18 6.703610967232512
19 20 5.00188964292496
19 34 30.34701303258692
20 5 24.687701391583627
20 19 5.00188964292496
20 21 4.3887697592833455
21 20 4.3887697592833455
21 22 5.948108943185221
21 36 21.908493786657267
22 7 20.994632647417294
22 21 5.948108943185221
22 23 1.3336041391657432
23 22 1.3336041391657432
23 24 5.211381774539264
23 38 61.10002045826172
24 9 21.661968977911496
24 23 5.211381774539264
24 25 18.970042171803417
25 24 18.970042171803417
25 26 4.4658929678173
25 40 57.46097284244324
26 11 23.034402531865243
26 25 4.4658929678173
26 27 11.2314736343901
27 26 11.2314736343901
27 28 24.555962616032797
27 42 113.74496252581913
28 13 41.33404045094068
28 27 24.555962616032797
28 29 20.52492143712127
29 28 20.52492143712127
29 44 77.36183296690946
30 31 9.99912996215171
30 45 45.03193755547278
31 16 56.6695914931456
31 30 9.99912996215171
31 32 20.46314003275158
32 31 20.46314003275158
32 33 7.2362559379834
32 47 61.97220748045047
33 18 43.266922700834634
33 32 7.2362559379834
33 34 7.642944458780254
34 33 7.642944458780254
34 35 3.244996147917595
34 49 62.40892884836271
35 20 23.99780198268167
35 34 3.244996147917595
35 36 2.2588713996153023
36 35 2.2588713996153023
36 37 19.554891971064418
36 51 41.39012080194983
37 22 42.9089978908853
37 36 19.554891971064418
37 38 18.954284476075596
38 37 18.954284476075596
38 39 5.165365427537532
38 53 70.2547001986344
39 24 57.48793612576469
39 38 5.165365427537532
39 40 8.118084749496028
40 39 8.118084749496028
40 41 19.082088460124076
40 55 73.20168918816013
41 26 69.35806586115274
41 40 19.082088460124076
41 42 47.85626813699537
42 41 47.85626813699537
42 43 22.09261415043499
42 57 144.73494982207993
43 28 72.16941873120497
43 42 22.09261415043499
43 44 10.130992054088287
44 43 10.130992054088287
44 59 116.73650885648412
45 46 9.701669959342068
45 60 92.68816806906908
46 31 44.87834667186394
46 45 9.701669959342068
46 47 2.8579713084634046
47 46 2.8579713084634046
47 48 7.551536267541843
47 62 100.89172414028813
48 33 65.93927054494915
48 47 7.551536267541843
48 49 11.403946685248913
49 48 11.403946685248913
49 50 103.00120630361569
49 64 97.72785478050768
50 35 37.93418115631337
50 49 103.00120630361569
50 51 3.136510800236464
51 50 3.136510800236464
51 52 5.585785531149584
51 66 18.59338054254793
52 37 54.96994906310173
52 51 5.585785531149584
52 53 3.00088320332531
53 52 3.00088320332531
53 54 1.999699977496631
53 68 17.66413598226644
54 39 69.98035510055661
54 53 1.999699977496631
54 55 4.151204644437562
55 54 4.151204644437562
55 56 2.249644416346726
55 70 25.109060117814046
56 41 92.6692985837273
56 55 2.249644416346726
56 57 4.989308569331026
57 56 4.989308569331026
57 58 2.116246677492964
57 72 26.60913564924648
58 43 122.46034541842513
58 57 2.116246677492964
58 59 1.808673547105724
59 58 1.808673547105724
59 74 20.91196069238846
60 61 0.9095603333479348
60 75 17.18477523856509
61 46 103.10126478370671
61 60 0.9095603333479348
61 62 1.9771696942852441
62 61 1.9771696942852441
62 63 1.0855873986004083
62 77 13.032766398581689
63 48 108.33883329628392
63 62 1.0855873986004083
63 64 0.7093659140387278
64 63 0.7093659140387278
64 65 0.8937561188601718
64 79 13.12584092544169
65 50 11.586030381455073
65 64 0.8937561188601718
65 66 8.328313154534955
66 65 8.328313154534955
66 67 2.9896488088068143
66 81 12.050161824639536
67 52 19.41616852007625
67 66 2.9896488088068143
67 68 0.3712142238654163
68 67 0.3712142238654163
68 69 7.61042048772602
68 83 18.064454046552303
69 54 25.23922344288746
69 68 7.61042048772602
69 70 1.7219175357722538
70 69 1.7219175357722538
70 71 3.2593557645645235
70 85 22.653090296910925
71 56 25.589263373532265
71 70 3.2593557645645235
71 72 4.379326432226765
72 71 4.379326432226765
72 73 12.955130257932572
72 87 15.90662754954676
73 58 24.781545553092524
73 72 12.955130257932572
73 74 3.650342449688797
74 73 3.650342449688797
74 89 5.064780350617388
75 76 1.3647344063956155
75 90 7.604794540288381
76 61 16.770882505103902
76 75 1.3647344063956155
76 77 4.292889469809351
77 76 4.292889469809351
77 78 4.957620396924316
77 92 18.50968665320945
78 63 13.015302532019765
78 77 4.957620396924316
78 79 1.1065260954898462
79 78 1.1065260954898462
79 80 4.340103685397389
79 94 22.018233353291546
80 65 9.27656186310424
80 79 4.340103685397389
80 81 2.0702173798903343
81 80 2.0702173798903343
81 82 1.5120846537148673
81 96 30.157169960060912
82 67 15.417250079051065
82 81 1.5120846537148673
82 83 3.610055401236938
83 82 3.610055401236938
83 84 3.3021962388689134
83 98 26.335445695867772
84 69 22.547339089125348
84 83 3.3021962388689134
84 85 2.5899034731047386
85 84 2.5899034731047386
85 86 4.3900455578501685
85 100 19.0154673884183
86 71 21.824619126115348
86 85 4.3900455578501685
86 87 4.144212832372389
87 86 4.144212832372389
87 88 3.8997948664000313
87 102 19.706326395348277
88 73 11.407094283821799
88 87 3.8997948664000313
88 89 3.1820119421523216
89 88 3.1820119421523216
89 104 24.828566209106796
90 91 6.43864892659943
90 105 16.463319835318757
91 76 13.497503472864897
91 90 6.43864892659943
91 92 3.3967631651323553
92 91 3.3967631651323553
92 93 4.290314673773943
92 107 19.74777202623121
93 78 17.836437424553136
93 92 4.290314673773943
93 94 4.8510308182900745
94 93 4.8510308182900745
94 95 4.0334724493914695
94 109 18.289477849299026
95 80 28.790390758028977
95 94 4.0334724493914695
95 96 2.310779089398204
96 95 2.310779089398204
96 97 1.134416149391405
96 111 8.524376810066531
97 82 30.376033315757343
97 96 1.134416149391405
97 98 2.0969501663129644
98 97 2.0969501663129644
98 99 4.290011654995829
98 113 17.267315946608488
99 84 18.99292499853564
99 98 4.290011654995829
99 100 3.098451226015989
100 99 3.098451226015989
100 101 2.2203603311174542
100 115 14.116975596777102
101 86 23.00115866646722
101 100 2.2203603311174542
101 102 1.380615804632119
102 101 1.380615804632119
102 103 12.366446538921354
102 117 12.320754847005109
103 88 26.731511367672418
103 102 12.366446538921354
103 104 1.999049774267767
104 103 1.999049774267767
104 119 15.648134074067745
105 106 2.499059823213521
105 120 16.58054582937486
106 91 18.786000106462254
106 105 2.499059823213521
106 107 4.727716150531881
107 106 4.727716150531881
107 108 2.9917386249470455
107 122 19.732420023909892
108 93 18.72817129353531
108 107 2.9917386249470455
108 109 2.0761743664730985
109 108 2.0761743664730985
109 110 4.37768203505006
109 124 4.727451744862138
110 95 18.770029302054905
110 109 4.37768203505006
110 111 15.865449883315627
111 110 15.865449883315627
111 112 6.962829884465077
111 126 19.14756642500555
112 97 11.804477963891502
112 111 6.962829884465077
112 113 6.488274038602251
113 112 6.488274038602251
113 114 13.113290967564168
113 128 11.270709826803275
114 99 12.78364580235232
114 113 13.113290967564168
114 115 5.945300665231327
115 114 5.945300665231327
115 116 4.893689814444721
115 130 23.89996234306656
116 101 16.871324784971694
116 115 4.893689814444721
116 117 8.376783392209697
117 116 8.376783392209697
117 118 3.4535344214297337
117 132 30.96004198963562
118 103 17.612748223942795
118 117 3.4535344214297337
118 119 2.857271425678709
119 118 2.857271425678709
119 134 28.119418557288835
120 121 0.9902019995940231
120 135 27.990028581621715
121 106 17.184775238565095
121 120 0.9902019995940231
121 122 3.327701909726897
122 121 3.327701909726897
122 123 21.629130819337146
122 137 21.91146047163447
123 108 3.125539953352059
123 122 21.629130819337146
123 124 4.202677717836573
124 123 4.202677717836573
124 125 3.94488276124906
124 139 27.007282351247415
125 110 2.313655116909174
125 124 3.94488276124906
125 126 1.7536818411559154
126 125 1.7536818411559154
126 127 4.554393483220348
126 141 20.073178622231207
127 112 17.014352764651374
127 126 4.554393483220348
127 128 5.530226035163483
128 127 5.530226035163483
128 129 3.193759540103175
128 143 20.772166473432666
129 114 26.090231888582366
129 128 3.193759540103175
129 130 3.644530148043773
130 129 3.644530148043773
130 131 1.96010203816026
130 145 26.589509209460786
131 116 19.180667350225324
131 130 1.96010203816026
131 132 4.664343469342716
132 131 4.664343469342716
132 133 5.08823151988979
132 147 29.01228188198922
133 118 30.23600833443463
133 132 5.08823151988979
133 134 0.8065358020571652
134 133 0.8065358020571652
134 149 30.24810737880967
135 136 2.0486336910243454
135 150 15.796360340280915
136 121 26.539090037150864
136 135 2.0486336910243454
136 137 4.7404641122995494
137 136 4.7404641122995494
137 138 8.200737771688594
137 152 16.78718856747609
138 123 26.781570155612613
138 137 8.200737771688594
138 139 2.4720234626718245
139 138 2.4720234626718245
139 140 2.8448198536990024
139 154 19.60360426044149
140 125 25.910137012374133
140 139 2.8448198536990024
140 141 5.555582777711083
141 140 5.555582777711083
141 142 4.317696144936551
141 156 30.483549662071834
142 127 22.95017429127718
142 141 4.317696144936551
142 143 4.679529890918539
143 142 4.679529890918539
143 144 4.0894253875086175
143 158 23.004264821984638
144 129 25.80575517205416
144 143 4.0894253875086175
144 145 0.9838699100999035
145 144 0.9838699100999035
145 146 3.010514906124864
145 160 22.62834505658777
146 131 26.26372403144687
146 145 3.010514906124864
146 147 2.2542848089804486
147 146 2.2542848089804486
147 148 2.9529646120466735
147 162 29.3658304837442
148 133 25.864682484036027
148 147 2.9529646120466735
148 149 8.395981181493916
149 148 8.395981181493916
149 164 35.18976271588088
150 151 6.143565739861496
150 165 40.04731701375262
151 136 11.485752043292598
151 150 6.143565739861496
151 152 5.41806238428462
152 151 5.41806238428462
152 153 5.48372136418327
152 167 30.198162195736348
153 138 17.77848699974213
153 152 5.48372136418327
153 154 5.232150609453054
154 153 5.232150609453054
154 155 8.25969127752364
154 169 36.795401886648825
155 140 21.00034285434407
155 154 8.25969127752364
155 156 5.942263878354781
156 155 5.942263878354781
156 157 4.757078935649466
156 171 30.422388137685708
157 142 32.59979294412772
157 156 4.757078935649466
157 158 14.318578840094428
158 157 14.318578840094428
158 159 3.629325006113392
158 173 25.86577855004562
159 144 23.5813909683038
159 158 3.629325006113392
159 160 1.2237646832622713
160 159 1.2237646832622713
160 161 4.152168108350143
160 175 20.747096182357662
161 146 24.346607566558426
161 160 4.152168108350143
161 162 10.435540235177093
162 161 10.435540235177093
162 163 6.083625563757189
162 177 15.170435062976933
163 148 31.180033675414784
163 162 6.083625563757189
163 164 2.880867924775449
164 163 2.880867924775449
164 179 14.658611803305245
165 166 13.990686187603517
165 180 27.130206412779092
166 151 35.35808394129976
166 165 13.990686187603517
166 167 5.444859961468247
167 166 5.444859961468247
167 168 5.848760552458947
167 182 16.470925899900102
168 153 33.349341822590745
168 167 5.848760552458947
168 169 2.5079872407968877
169 168 2.5079872407968877
169 170 5.861672116384537
169 184 21.394777400103976
170 155 32.45596555334628
170 169 5.861672116384537
170 171 10.942472298342812
171 170 10.942472298342812
171 172 6.717149693136224
171 186 19.896152894466816
172 157 34.14805997417715
172 171 6.717149693136224
172 173 6.59469483751902
173 172 6.59469483751902
173 174 4.612905808706697
173 188 27.442210187956793
174 159 22.43050155480256
174 173 4.612905808706697
174 175 2.9475752746961383
175 174 2.9475752746961383
175 176 8.5678293633802
175 190 18.677012609087146
176 161 21.52043215179472
176 175 8.5678293633802
176 177 6.981146037721885
177 176 6.981146037721885
177 178 8.029458263170685
177 192 16.202419572397194
178 163 17.08993270905418
178 177 8.029458263170685
178 179 5.057005042512819
179 178 5.057005042512819
179 194 18.772714241685996
180 181 5.200999903864634
180 195 16.8770998693496
181 166 18.11335418965797
181 180 5.200999903864634
181 182 3.519786925369202
182 181 3.519786925369202
182 183 5.061669684995263
182 197 12.3392868513541
183 168 26.96702616159223
183 182 5.061669684995263
183 184 6.51115965093777
184 183 6.51115965093777
184 185 2.024672813073754
184 199 31.99677014950102
185 170 27.11956489326478
185 184 2.024672813073754
185 186 3.3399700597460447
186 185 3.3399700597460447
186 187 14.555868232434648
186 201 45.477692333714565
187 172 27.81622727833522
187 186 14.555868232434648
187 188 3.776188554614301
188 187 3.776188554614301
188 189 1.360147050873548
188 203 52.58810702050417
189 174 22.89318675938324
189 188 1.360147050873548
189 190 2.9322005388444987
190 189 2.9322005388444987
190 191 2.9275416307885322
190 205 69.97880393376269
191 176 23.168297304722255
191 190 2.9275416307885322
191 192 1.2502799686470278
192 191 1.2502799686470278
192 193 1.6368261972488114
192 207 79.60601045147283
193 178 23.290019321589227
193 192 1.6368261972488114
193 194 0.6184658438426449
194 193 0.6184658438426449
194 209 64.17492345145415
195 196 3.2397530770106555
195 210 55.25833964208479
196 181 10.190314028527302
196 195 3.2397530770106555
196 197 1.364844313465824
197 196 1.364844313465824
197 198 5.994814425818371
197 212 86.64949682485178
198 183 19.345348278074503
198 197 5.994814425818371
198 199 21.366033791979262
199 198 21.366033791979262
199 200 16.117149251651178
199 214 62.176294518087836
200 185 41.996048623650296
200 199 16.117149251651178
200 201 11.837651794169332
201 200 11.837651794169332
201 202 7.213376463210562
201 216 327.6792016591838
202 187 52.660431065459385
202 201 7.213376463210562
202 203 16.865360950777184
203 202 16.865360950777184
203 204 24.427820205658957
203 218 48.10096152885096
204 189 74.0674354895591
204 203 24.427820205658957
204 205 23.044795507879858
205 204 23.044795507879858
205 206 6.888867831509054
205 220 33.013217050145236
206 191 73.03279400378983
206 205 6.888867831509054
206 207 5.675711409153915
207 206 5.675711409153915
207 208 9.83380394354087
207 222 56.81985568443482
208 193 70.29120001820998
208 207 9.83380394354087
208 209 6.519946318797424
209 208 6.519946318797424
209 224 311.55398954274364
210 211 13.63268498865868
210 225 285.645084851814
211 196 56.041506046857805
211 210 13.63268498865868
211 212 42.9003834481698
212 211 42.9003834481698
212 213 3.027606315226593
212 227 301.0574031642471
213 198 82.74359733538299
213 212 3.027606315226593
213 214 2.991270633025373
214 213 2.991270633025373
214 215 4.660010729601378
215 200 48.25309938231949
215 214 4.660010729601378
215 216 349.92080532600517
216 215 349.92080532600517
216 217 8.365189776687682
217 202 317.55719169938504
217 216 8.365189776687682
217 218 348.6920350395173
218 217 348.6920350395173
218 219 12.655702272098527
219 204 51.63286647088268
219 218 12.655702272098527
219 220 14.536161804272826
220 219 14.536161804272826
220 221 11.342133838039482
221 206 43.177422340848466
221 220 11.342133838039482
221 222 11.744415694277858
222 221 11.744415694277858
222 223 322.8999660885705
223 208 313.46133190554775
223 222 322.8999660885705
223 224 19.6726027764503
224 223 19.6726027764503
225 226 12.99432568469792
226 211 282.93576461804895
226 225 12.99432568469792
226 227 20.768167950014274
227 226 20.768167950014274
227 228 20.93863653631726
228 213 282.06847129730755
228 227 20.93863653631726
