431
0 1 16.35
0 20 27.309375679425557
1 0 16.35
1 2 2.7750315313523917
2 1 2.7750315313523917
2 3 4.767315806614873
2 22 15.681077769082073
3 2 4.767315806614873
3 4 1.084527546906944
4 3 1.084527546906944
4 5 1.9331321734428815
4 24 16.610614076547563
5 4 1.9331321734428815
5 6 1.0934349546269333
6 5 1.0934349546269333
6 7 1.123610252712211
6 26 11.163305961945142
7 6 1.123610252712211
7 8 4.225079880901662
8 7 4.225079880901662
8 9 1.0722872749408157
8 28 8.954914851633152
9 8 1.0722872749408157
9 10 3.0383219052628347
10 9 3.0383219052628347
10 11 2.644257929930437
10 30 7.67481595870546
11 10 2.644257929930437
11 12 3.097418279793674
12 11 3.097418279793674
12 13 1.5371727293964057
12 32 7.965707752610557
13 12 1.5371727293964057
13 14 2.553448648396907
14 13 2.553448648396907
14 15 5.650433611679727
14 34 7.189248917654754
15 14 5.650433611679727
15 16 10.58123338746481
16 15 10.58123338746481
16 17 1.3845215780189224
16 36 9.427884174086993
17 16 1.3845215780189224
17 18 3.1508728949292704
18 17 3.1508728949292704
18 19 2.750000000000002
18 38 8.619866588294743
19 18 2.750000000000002
20 21 3.984068272507388
20 40 8.119532006218096
21 1 15.087242955556857
21 20 3.984068272507388
21 22 1.9250194804209129
22 21 1.9250194804209129
22 23 0.08000000000000007
22 42 8.082926450240656
23 3 14.236168726170678
23 22 0.08000000000000007
23 24 2.2719154913860673
24 23 2.2719154913860673
24 25 8.675165704469281
24 44 10.05308410389568
25 5 10.560918520659083
25 24 8.675165704469281
25 26 3.0893364983439406
26 25 3.0893364983439406
26 27 0.330151480384386
26 46 6.2901271847236915
27 7 11.966089586828272
27 26 0.330151480384386
27 28 0.9843271813782248
28 27 0.9843271813782248
28 29 10.214597397841972
28 48 6.958807369082718
29 9 9.841061934567835
29 28 10.214597397841972
29 30 2.886260556498668
30 29 2.886260556498668
30 31 0.9234717104492103
30 50 3.4624413352430965
31 11 5.805385430787521
31 30 0.9234717104492103
31 32 1.742871194322747
32 31 1.742871194322747
32 33 2.096139308347611
32 52 3.306508732787503
33 13 9.105394005752851
33 32 2.096139308347611
33 34 2.2589378034819796
34 33 2.2589378034819796
34 35 1.9259543089076625
34 54 5.316483800407935
35 15 13.609827331748187
35 34 1.9259543089076625
35 36 2.1958369702689686
36 35 2.1958369702689686
36 37 1.6493938280471399
36 56 8.276001449975707
37 17 9.807028092138815
37 36 1.6493938280471399
37 38 1.3313526955694346
38 37 1.3313526955694346
38 39 1.694018890095384
38 58 10.801041616436812
39 19 8.06005583107214
39 38 1.694018890095384
40 41 1.1462983904725674
40 60 7.381768080886854
41 21 7.393510668146764
41 40 1.1462983904725674
41 42 1.16619037896906
42 41 1.16619037896906
42 43 0.7580237463298879
42 62 8.06256782917204
43 23 8.506003762049485
43 42 0.7580237463298879
43 44 0.8260750571225354
44 43 0.8260750571225354
44 45 1.0381714694596453
44 64 8.892974755389783
45 25 7.081807678834548
45 44 1.0381714694596453
45 46 1.041201229350023
46 45 1.041201229350023
46 47 0.7186793443532394
46 66 10.088037470192114
47 27 6.770066469393041
47 46 0.7186793443532394
47 48 0.566127194188727
48 47 0.566127194188727
48 49 1.6519382555047304
48 68 13.36973073775235
49 29 11.691727844933785
49 48 1.6519382555047304
49 50 10.825659333269268
50 49 10.825659333269268
50 51 2.567800615312645
50 70 3.6087948126763925
51 31 3.3066750671936274
51 50 2.567800615312645
51 52 1.461677118928801
52 51 1.461677118928801
52 53 3.1506507264373176
52 72 8.414398374215473
53 33 3.7767975852565896
53 52 3.1506507264373176
53 54 0.7802563681252461
54 53 0.7802563681252461
54 55 2.2501999911119013
54 74 50.74143967212598
55 35 4.647246496582679
55 54 2.2501999911119013
55 56 1.7204650534085253
56 55 1.7204650534085253
56 57 1.4159802258506315
56 76 30.79961688073409
57 37 9.929476320531714
57 56 1.4159802258506315
57 58 0.40311288741492707
58 57 0.40311288741492707
58 59 0.8528774824088158
58 78 29.824972757741126
59 39 8.342002157755655
59 58 0.8528774824088158
60 61 1.0900000000000034
60 80 24.47495250250754
61 41 6.894243975955597
61 60 1.0900000000000034
61 62 2.0319448811422007
62 61 2.0319448811422007
62 63 1.020784012413988
62 82 15.427469008233334
63 43 8.81512336839366
63 62 1.020784012413988
63 64 1.3729530217745984
64 63 1.3729530217745984
64 65 1.2625371281669304
64 84 8.757425420750096
65 45 9.364187097660963
65 64 1.2625371281669304
65 66 3.1372918257631075
66 65 3.1372918257631075
66 67 5.7029203045457315
66 86 12.946215663273959
67 47 14.725627321102486
67 66 5.7029203045457315
67 68 10.627008045541322
68 67 10.627008045541322
68 69 0.8657944328765341
68 88 24.583461920567654
69 49 14.728102389649525
69 68 0.8657944328765341
69 70 2.3691559678501557
70 69 2.3691559678501557
70 71 1.2971121771072838
70 90 24.68645985150564
71 51 5.607717895900257
71 70 1.2971121771072838
71 72 1.7641145087550296
72 71 1.7641145087550296
72 73 16.961441566093374
72 92 17.421653193655306
73 53 22.397865969774895
73 72 16.961441566093374
73 74 29.930006682257854
74 73 29.930006682257854
74 75 20.966492315120338
74 94 60.94382495380479
75 55 72.81111522288339
75 74 20.966492315120338
75 76 92.08178810166537
76 75 92.08178810166537
76 77 6.530581903628499
76 96 20.98560458981347
77 57 24.84632970883225
77 76 6.530581903628499
77 78 8.662759375626223
78 77 8.662759375626223
78 79 4.136786192202839
78 98 22.392000803858508
79 59 26.03242977518618
79 78 4.136786192202839
80 81 2.415988410568226
80 100 13.552272872105258
81 61 26.508960749150464
81 80 2.415988410568226
81 82 14.672130043044191
82 81 14.672130043044191
82 83 5.884122704362989
82 102 13.452449591059617
83 63 10.46482202428689
83 82 5.884122704362989
83 84 1.6688319268278622
84 83 1.6688319268278622
84 85 5.093220984799304
84 104 8.10061726043145
85 65 12.728024198594216
85 84 5.093220984799304
85 86 2.402353013193521
86 85 2.402353013193521
86 87 2.510239032442927
86 106 7.657395118445957
87 67 20.564875394711247
87 86 2.510239032442927
87 88 3.737512541784977
88 87 3.737512541784977
88 89 2.824553061990519
88 108 10.792520558238467
89 69 27.271378769691864
89 88 2.824553061990519
89 90 1.8261708572858129
90 89 1.8261708572858129
90 91 8.152705072551072
90 110 12.476173291518517
91 71 15.776247969653621
91 90 8.152705072551072
91 92 0.8558621384311859
92 91 0.8558621384311859
92 93 2.1260291625469288
92 112 4.724828039198891
93 73 34.95734114603111
93 92 2.1260291625469288
93 94 4.524289999546889
94 93 4.524289999546889
94 95 1.1375851616472497
94 114 4.145672442439223
95 75 81.38073297777552
95 94 1.1375851616472497
95 96 0.9984988733093333
96 95 0.9984988733093333
96 97 1.9956452590578324
96 116 4.619361427730029
97 77 15.124698344099304
97 96 1.9956452590578324
97 98 5.314169737597774
98 97 5.314169737597774
98 99 2.17572976263138
98 118 1.819587865424476
99 79 16.684235073865388
99 98 2.17572976263138
100 101 1.8754199529705335
100 120 3.165517335286607
101 81 13.757895914710211
101 100 1.8754199529705335
101 102 7.421704655939902
102 101 7.421704655939902
102 103 1.000449898795537
102 122 2.621011255221922
103 83 9.963262517870337
103 102 1.000449898795537
103 104 0.4753945729601896
104 103 0.4753945729601896
104 105 0.5727128425310495
104 124 5.685367182513371
105 85 9.322301218046968
105 104 0.5727128425310495
105 106 0.7017834423809105
106 105 0.7017834423809105
106 107 0.1941648783894758
106 126 5.164194031986022
107 87 7.247516816123988
107 106 0.1941648783894758
107 108 0.1200000000000001
108 107 0.1200000000000001
108 109 0.03999999999999915
108 128 4.711793713650886
109 89 13.450070631784804
109 108 0.03999999999999915
109 110 0.15033296378372932
110 109 0.15033296378372932
110 111 2.013578903345979
110 130 4.210463157421051
111 91 4.9714786532781226
111 110 2.013578903345979
111 112 1.8249657531033292
112 111 1.8249657531033292
112 113 0.9104943712072039
112 132 3.694604173656497
113 93 4.181506905411014
113 112 0.9104943712072039
113 114 0.6280127387243027
114 113 0.6280127387243027
114 115 0.7736924453553865
114 134 5.036228747783402
115 95 4.095180093719932
115 114 0.7736924453553865
115 116 1.0358571330062845
116 115 1.0358571330062845
116 117 7.105955248944366
116 136 8.513612629195668
117 97 7.357886924926202
117 116 7.105955248944366
117 118 2.034944716693798
118 117 2.034944716693798
118 119 0.8205485969764378
118 138 5.45893762558247
119 99 3.1559784536653623
119 118 0.8205485969764378
120 121 1.4948244044034047
120 140 5.644147411257079
121 101 3.7525458025186045
121 120 1.4948244044034047
121 122 2.810266891240046
122 121 2.810266891240046
122 123 1.0400961494015826
122 142 5.588309225517143
123 103 2.857271425678699
123 122 1.0400961494015826
123 124 3.000833217624732
124 123 3.000833217624732
124 125 1.1761377470347598
124 144 5.464430436925701
125 105 5.740949398836398
125 124 1.1761377470347598
125 126 5.603936116695122
126 125 5.603936116695122
126 127 0.346698716467197
126 146 7.708203422328706
127 107 5.009770453823208
127 126 0.346698716467197
127 128 0.9176055797563564
128 127 0.9176055797563564
128 129 0.7653103945458973
128 148 9.663146485488046
129 109 3.9960605601016628
129 128 0.7653103945458973
129 130 0.9751410154434084
130 129 0.9751410154434084
130 131 2.9208389205842895
130 150 11.23705477427248
131 111 4.476985593007869
131 130 2.9208389205842895
131 132 1.8085353189805276
132 131 1.8085353189805276
132 133 1.3548431643551975
132 152 10.382388935115078
133 113 4.053652673823942
133 132 1.3548431643551975
133 134 2.020618717126019
134 133 2.020618717126019
134 135 1.4252368224263683
134 154 12.731072225072015
135 115 4.3932789576807
135 134 1.4252368224263683
135 136 8.125103076269246
136 135 8.125103076269246
136 137 1.7380736463107644
136 156 14.340153416194678
137 117 4.6152464722915925
137 136 1.7380736463107644
137 138 1.8800265955565636
138 137 1.8800265955565636
138 139 1.2100000000000009
138 158 8.917561325833423
139 119 5.488970759623336
139 138 1.2100000000000009
140 141 5.02340521956969
140 160 10.119985177854758
141 121 5.594756473699282
141 140 5.02340521956969
141 142 2.6303041649208545
142 141 2.6303041649208545
142 143 0.8315046602394944
142 162 8.91475742799545
143 123 5.400148146115994
143 142 0.8315046602394944
143 144 1.133578404875462
144 143 1.133578404875462
144 145 5.448017988222868
144 164 9.761167962902801
145 125 9.183136719008376
145 144 5.448017988222868
145 146 4.037288694160968
146 145 4.037288694160968
146 147 2.1436650857818265
146 166 7.965657537203069
147 127 9.71205951382095
147 146 2.1436650857818265
147 148 1.395170240508307
148 147 1.395170240508307
148 149 1.1968291440301746
148 168 8.702976502323786
149 129 11.102995091415648
149 148 1.1968291440301746
149 150 1.010445446325529
150 149 1.010445446325529
150 151 2.8321899653801474
150 170 7.810409720366789
151 131 9.93129397410025
151 150 2.8321899653801474
151 152 0.8538149682454644
152 151 0.8538149682454644
152 153 2.0038463014912105
152 172 10.76661971093992
153 133 10.156426536927247
153 152 2.0038463014912105
153 154 2.7587859648765805
154 153 2.7587859648765805
154 155 17.700002824858533
154 174 11.182687512400584
155 135 6.262475548854467
155 154 17.700002824858533
155 156 4.198392549536069
156 155 4.198392549536069
156 157 1.2175795661885902
156 176 9.194634304854103
157 137 11.819238554153985
157 156 1.2175795661885902
157 158 1.6707483353276145
158 157 1.6707483353276145
158 159 2.861223514512629
158 178 11.965053280282541
159 139 9.411917976693166
159 158 2.861223514512629
160 161 2.291658787865246
160 180 8.04950309025346
161 141 16.999294102991456
161 160 2.291658787865246
161 162 6.419423650141811
162 161 6.419423650141811
162 163 2.1931712199461333
162 182 13.342960690941124
163 143 10.320489329484332
163 162 2.1931712199461333
163 164 0.5943904440685406
164 163 0.5943904440685406
164 165 2.9878587650690607
164 184 7.178091668403237
165 145 17.917170535550525
165 164 2.9878587650690607
165 166 9.277090061005122
166 165 9.277090061005122
166 167 1.1920151005754884
166 186 6.851364827536189
167 147 9.54042451885659
167 166 1.1920151005754884
167 168 3.948493383557836
168 167 3.948493383557836
168 169 1.8396738841436011
168 188 5.434786104346702
169 149 8.05139739424157
169 168 1.8396738841436011
169 170 1.245351356043742
170 169 1.245351356043742
170 171 4.0941421567893785
170 190 7.733440372822436
171 151 11.847987170823574
171 170 4.0941421567893785
171 172 2.3847222060441333
172 171 2.3847222060441333
172 173 2.330085835328817
172 192 6.407160057310884
173 153 12.341450482013853
173 172 2.330085835328817
173 174 3.4893265825944138
174 173 3.4893265825944138
174 175 1.9625493624365231
174 194 9.862190426066615
175 155 9.141170603374604
175 174 1.9625493624365231
175 176 1.2536347155371823
176 175 1.2536347155371823
176 177 2.452203091099918
176 196 6.289117585162487
177 157 8.510094006531302
177 176 2.452203091099918
177 178 4.039430652950984
178 177 4.039430652950984
178 179 3.640329655402107
178 198 10.725231932224126
179 159 7.661886190749641
179 178 3.640329655402107
180 181 1.324009063413088
180 200 10.193846182869347
181 161 9.316104336040901
181 180 1.324009063413088
181 182 2.334823333787807
182 181 2.334823333787807
182 183 14.210306119151692
182 202 24.909767160694216
183 163 6.249239953786376
183 182 14.210306119151692
183 184 0.8309632964216874
184 183 0.8309632964216874
184 185 1.3395894893585862
184 204 21.403198359123802
185 165 8.830730434114725
185 184 1.3395894893585862
185 186 2.2770595073471345
186 185 2.2770595073471345
186 187 1.9911052207254145
186 206 15.378936894337006
187 167 7.652515926151342
187 186 1.9911052207254145
187 188 2.2722015755649845
188 187 2.2722015755649845
188 189 3.0768977883576163
188 208 11.050800875954645
189 169 6.951086246048162
189 188 3.0768977883576163
189 190 3.2863657739210965
190 189 3.2863657739210965
190 191 1.8026924307823577
190 210 8.371122983208402
191 171 7.415888348674079
191 190 1.8026924307823577
191 192 3.8833233190142686
192 191 3.8833233190142686
192 193 1.2999999999999965
192 212 8.21823582041791
193 173 6.064470298385505
193 192 1.2999999999999965
193 194 3.2698012171996034
194 193 3.2698012171996034
194 195 0.8728115489611767
194 214 21.010173726078516
195 175 8.155893574587644
195 194 0.8728115489611767
195 196 8.260871624713705
196 195 8.260871624713705
196 197 3.1686590223626157
196 216 33.48758725259257
197 177 6.142320408445
197 196 3.1686590223626157
197 198 2.4954558701768326
198 197 2.4954558701768326
198 199 2.0700241544484435
198 218 18.88932502764458
199 179 7.927521680828125
199 198 2.0700241544484435
200 201 8.130614982890286
200 220 12.314158517738836
201 181 11.6263149793905
201 200 8.130614982890286
201 202 33.48043159817388
202 201 33.48043159817388
202 203 8.416085788536142
202 222 23.04473041716913
203 183 31.808429700316864
203 202 8.416085788536142
203 204 11.24157462280085
204 203 11.24157462280085
204 205 5.707889277132134
204 224 23.107790893982056
205 185 16.37955432849136
205 204 5.707889277132134
205 206 2.7082282030877676
206 205 2.7082282030877676
206 207 4.326337943341919
206 226 30.243976259744684
207 187 11.10092788914512
207 206 4.326337943341919
207 208 4.890040899624461
208 207 4.890040899624461
208 209 2.319353358158258
208 228 35.23263969673575
209 189 14.507877170695922
209 208 2.319353358158258
209 210 5.241869895371306
210 209 5.241869895371306
210 211 6.355603826545514
210 230 67.02069531122459
211 191 14.10459854090147
211 210 6.355603826545514
211 212 3.982122549595878
212 211 3.982122549595878
212 213 11.482029437342513
212 232 52.837862371598646
213 193 18.571472747200207
213 212 11.482029437342513
213 214 6.692159591641549
214 213 6.692159591641549
214 215 5.135065724993204
214 234 29.86134625230416
215 195 25.459035724080362
215 214 5.135065724993204
215 216 2.539488137400928
216 215 2.539488137400928
216 217 11.12378083207324
216 236 22.505877010238905
217 197 19.874908804822226
217 216 11.12378083207324
217 218 3.265348373451141
218 217 3.265348373451141
218 219 2.3294849216082025
218 238 34.36497344681064
219 199 15.453857123708637
219 218 2.3294849216082025
220 221 6.703610967232512
220 240 71.30788455703899
221 201 13.542584686831388
221 220 6.703610967232512
221 222 5.00188964292496
222 221 5.00188964292496
222 223 4.3887697592833455
222 242 69.14326142148633
223 203 19.701294373720728
223 222 4.3887697592833455
223 224 5.948108943185221
224 223 5.948108943185221
224 225 1.3336041391657432
224 244 134.7804154912723
225 205 27.574664095868872
225 224 1.3336041391657432
225 226 5.211381774539264
226 225 5.211381774539264
226 227 18.970042171803417
226 246 102.76250775453079
227 207 36.0273146376468
227 226 18.970042171803417
227 228 4.4658929678173
228 227 4.4658929678173
228 229 11.2314736343901
228 248 76.90709460121349
229 209 38.75371595086076
229 228 11.2314736343901
229 230 24.555962616032797
230 229 24.555962616032797
230 231 20.52492143712127
230 250 58.87846805072291
231 211 43.19088445494025
231 230 20.52492143712127
231 232 9.31002148225234
232 231 9.31002148225234
232 233 9.99912996215171
232 252 55.758775094149975
233 213 55.15284308174874
233 232 9.99912996215171
233 234 20.46314003275158
234 233 20.46314003275158
234 235 7.2362559379834
234 254 41.77966012307902
235 215 30.116276330250386
235 234 7.2362559379834
235 236 7.642944458780254
236 235 7.642944458780254
236 237 3.244996147917595
236 256 32.20757830076642
237 217 29.894220177151304
237 236 3.244996147917595
237 238 2.2588713996153023
238 237 2.2588713996153023
238 239 19.554891971064418
238 258 28.3512892123092
239 219 52.97699217584931
239 238 19.554891971064418
240 241 5.165365427537532
240 260 68.9905181890961
241 221 67.11125240971144
241 240 5.165365427537532
241 242 8.118084749496028
242 241 8.118084749496028
242 243 19.082088460124076
242 262 79.3618756078761
243 223 83.0010722822302
243 242 19.082088460124076
243 244 47.85626813699537
244 243 47.85626813699537
244 245 22.09261415043499
244 264 145.49394248558943
245 225 114.81697653221843
245 244 22.09261415043499
245 246 10.130992054088287
246 245 10.130992054088287
246 247 24.909325562929236
246 266 119.18863368627059
247 227 71.5994259753526
247 246 24.909325562929236
247 248 9.701669959342068
248 247 9.701669959342068
248 249 2.8579713084634046
248 268 101.07977295186214
249 229 73.96208758546503
249 248 2.8579713084634046
249 250 7.551536267541843
250 249 7.551536267541843
250 251 11.403946685248913
250 270 105.99613672205227
251 231 59.52169688441351
251 250 11.403946685248913
251 252 103.00120630361569
252 251 103.00120630361569
252 253 3.136510800236464
252 272 29.99268244088881
253 233 67.77820962521804
253 252 3.136510800236464
253 254 5.585785531149584
254 253 5.585785531149584
254 255 3.00088320332531
254 274 30.18760010335369
255 235 41.53903345047883
255 254 3.00088320332531
255 256 1.999699977496631
256 255 1.999699977496631
256 257 4.151204644437562
256 276 23.09585460640069
257 237 25.3104444844416
257 256 4.151204644437562
257 258 2.249644416346726
258 257 2.249644416346726
258 259 4.989308569331026
258 278 15.31863244548938
259 239 52.569666158346486
259 258 4.989308569331026
260 261 1.808673547105724
260 280 12.566881076862309
261 241 71.31537071347242
261 260 1.808673547105724
261 262 1.167090399240779
262 261 1.167090399240779
262 263 0.9095603333479348
262 282 8.070501843132186
263 243 98.43635558064918
263 262 0.9095603333479348
263 264 1.9771696942852441
264 263 1.9771696942852441
264 265 1.0855873986004083
264 284 8.831041841141959
265 245 125.0829812564443
265 264 1.0855873986004083
265 266 0.7093659140387278
266 265 0.7093659140387278
266 267 0.8937561188601718
266 286 15.755138844199372
267 247 94.05964331210276
267 266 0.8937561188601718
267 268 8.328313154534955
268 267 8.328313154534955
268 269 2.9896488088068143
268 288 12.537563559160924
269 249 99.65874020877446
269 268 2.9896488088068143
269 270 0.3712142238654163
270 269 0.3712142238654163
270 271 7.61042048772602
270 290 16.286466774595404
271 251 91.7741276177551
271 270 7.61042048772602
271 272 1.7219175357722538
272 271 1.7219175357722538
272 273 3.2593557645645235
272 292 21.350562053491707
273 253 31.475719213387322
273 272 3.2593557645645235
273 274 4.379326432226765
274 273 4.379326432226765
274 275 12.955130257932572
274 294 23.775113038637695
275 255 27.533726591219
275 274 12.955130257932572
275 276 3.650342449688797
276 275 3.650342449688797
276 277 3.860012953346141
276 296 16.663748077788508
277 257 17.601332335934114
277 276 3.860012953346141
277 278 1.3647344063956155
278 277 1.3647344063956155
278 279 4.292889469809351
278 298 24.395026132390193
279 259 16.91388187259211
279 278 4.292889469809351
280 281 1.1065260954898462
280 300 23.717464029697613
281 261 11.790725168538192
281 280 1.1065260954898462
281 282 4.340103685397389
282 281 4.340103685397389
282 283 2.0702173798903343
282 302 24.951092160464636
283 263 9.148928899056985
283 282 2.0702173798903343
283 284 1.5120846537148673
284 283 1.5120846537148673
284 285 3.610055401236938
284 304 26.646292425026044
285 265 12.481782725236005
285 284 3.610055401236938
285 286 3.3021962388689134
286 285 3.3021962388689134
286 287 2.5899034731047386
286 306 29.11890279526342
287 267 16.594517166823504
287 286 2.5899034731047386
287 288 4.3900455578501685
288 287 4.3900455578501685
288 289 4.144212832372389
288 308 29.457971756385398
289 269 12.685881916524368
289 288 4.144212832372389
289 290 3.8997948664000313
290 289 3.8997948664000313
290 291 3.1820119421523216
290 310 32.42937557215679
291 271 16.33697952499176
291 290 3.1820119421523216
291 292 4.7988540298700455
292 291 4.7988540298700455
292 293 6.43864892659943
292 312 32.143294790671355
293 273 27.67472673758496
293 292 6.43864892659943
293 294 3.3967631651323553
294 293 3.3967631651323553
294 295 4.290314673773943
294 314 21.420450508801167
295 275 10.559592795179174
295 294 4.290314673773943
295 296 4.8510308182900745
296 295 4.8510308182900745
296 297 4.0334724493914695
296 316 16.08904285530995
297 277 23.212808964018127
297 296 4.0334724493914695
297 298 2.310779089398204
298 297 2.310779089398204
298 299 1.134416149391405
298 318 16.584477682459582
299 279 27.492204349596992
299 298 1.134416149391405
300 301 4.290011654995829
300 320 18.53844653685955
301 281 19.530829475472874
301 300 4.290011654995829
301 302 3.098451226015989
302 301 3.098451226015989
302 303 2.2203603311174542
302 322 19.607065053189373
303 283 25.967810843426903
303 302 2.2203603311174542
303 304 1.380615804632119
304 303 1.380615804632119
304 305 12.366446538921354
304 324 21.870345219040328
305 285 32.79581070807672
305 304 12.366446538921354
305 306 1.999049774267767
306 305 1.999049774267767
306 307 4.676002566295273
306 326 12.311051945305085
307 287 23.636634701242894
307 306 4.676002566295273
307 308 2.499059823213521
308 307 2.499059823213521
308 309 4.727716150531881
308 328 16.590437004491477
309 289 32.288835531805724
309 308 4.727716150531881
309 310 2.9917386249470455
310 309 2.9917386249470455
310 311 2.0761743664730985
310 330 15.742391813190263
311 291 32.99337054621731
311 310 2.0761743664730985
311 312 4.37768203505006
312 311 4.37768203505006
312 313 15.865449883315627
312 332 14.139999999999999
313 293 18.50528843331009
313 312 15.865449883315627
313 314 6.962829884465077
314 313 6.962829884465077
314 315 6.488274038602251
314 334 26.45009262743706
315 295 23.010441108331673
315 314 6.488274038602251
315 316 13.113290967564168
316 315 13.113290967564168
316 317 5.945300665231327
316 336 35.720421330101914
317 297 16.962883009677334
317 316 5.945300665231327
317 318 4.893689814444721
318 317 4.893689814444721
318 319 8.376783392209697
318 338 22.22082356709579
319 299 16.17046999935376
319 318 8.376783392209697
320 321 2.857271425678709
320 340 23.999960416634032
321 301 21.560004638218427
321 320 2.857271425678709
321 322 3.106638054231619
322 321 3.106638054231619
322 323 0.9902019995940231
322 342 26.774472917314366
323 303 18.500218917623645
323 322 0.9902019995940231
323 324 3.327701909726897
324 323 3.327701909726897
324 325 21.629130819337146
324 344 21.893535575598555
325 305 7.682870557285216
325 324 21.629130819337146
325 326 4.202677717836573
326 325 4.202677717836573
326 327 3.94488276124906
326 346 37.50056666238525
327 307 17.44650394778278
327 326 3.94488276124906
327 328 1.7536818411559154
328 327 1.7536818411559154
328 329 4.554393483220348
328 348 35.090465941620096
329 309 16.40804680636913
329 328 4.554393483220348
329 330 5.530226035163483
330 329 5.530226035163483
330 331 3.193759540103175
330 350 31.3075150722634
331 311 15.174402788907388
331 330 3.193759540103175
331 332 3.644530148043773
332 331 3.644530148043773
332 333 1.96010203816026
332 352 25.82152784015694
333 313 30.47939795993352
333 332 1.96010203816026
333 334 4.664343469342716
334 333 4.664343469342716
334 335 5.08823151988979
334 354 18.77906280941623
335 315 22.22656068760977
335 334 5.08823151988979
335 336 0.8065358020571652
336 335 0.8065358020571652
336 337 5.85158098294811
336 356 23.8550665478007
337 317 28.91609413458187
337 336 5.85158098294811
337 338 2.0486336910243454
338 337 2.0486336910243454
338 339 4.7404641122995494
338 358 27.81011506628479
339 319 25.271361261317136
339 338 4.7404641122995494
340 341 2.4720234626718245
340 360 25.22359411344862
341 321 23.464121547588352
341 340 2.4720234626718245
341 342 2.8448198536990024
342 341 2.8448198536990024
342 343 5.555582777711083
342 362 20.979308854202035
343 323 21.257304626880625
343 342 5.555582777711083
343 344 4.317696144936551
344 343 4.317696144936551
344 345 4.679529890918539
344 364 26.64135882420415
345 325 35.63352354174367
345 344 4.679529890918539
345 346 4.0894253875086175
346 345 4.0894253875086175
346 347 0.9838699100999035
346 366 34.47766378396309
347 327 34.510186901841024
347 346 0.9838699100999035
347 348 3.010514906124864
348 347 3.010514906124864
348 349 2.2542848089804486
348 368 44.0397116248506
349 329 33.44671134805334
349 348 2.2542848089804486
349 350 2.9529646120466735
350 349 2.9529646120466735
350 351 8.395981181493916
350 370 40.33455714396775
351 331 37.80611722988754
351 350 8.395981181493916
351 352 11.34063490286148
352 351 11.34063490286148
352 353 6.143565739861496
352 372 30.673522784316766
353 333 18.042397290825853
353 352 6.143565739861496
353 354 5.41806238428462
354 353 5.41806238428462
354 355 5.48372136418327
354 374 21.990779886125004
355 335 19.22418528832887
355 354 5.48372136418327
355 356 5.232150609453054
356 355 5.232150609453054
356 357 8.25969127752364
356 376 37.10798970572241
357 337 20.29477026231142
357 356 8.25969127752364
357 358 5.942263878354781
358 357 5.942263878354781
358 359 4.757078935649466
358 378 40.6711322684776
359 339 37.259926194237146
359 358 4.757078935649466
360 361 3.629325006113392
360 380 33.18770404833693
361 341 23.225434333936583
361 360 3.629325006113392
361 362 1.2237646832622713
362 361 1.2237646832622713
362 363 4.152168108350143
362 382 29.759788305698677
363 343 25.134836382996404
363 362 4.152168108350143
363 364 10.435540235177093
364 363 10.435540235177093
364 365 6.083625563757189
364 384 21.38103131282492
365 345 29.47241591726067
365 364 6.083625563757189
365 366 2.880867924775449
366 365 2.880867924775449
366 367 30.524432836663806
366 386 14.582966090614075
367 347 39.451191363506375
367 366 30.524432836663806
367 368 13.990686187603517
368 367 13.990686187603517
368 369 5.444859961468247
368 388 25.638356031539935
369 349 41.48656288486671
369 368 5.444859961468247
369 370 5.848760552458947
370 369 5.848760552458947
370 371 2.5079872407968877
370 390 37.14676971151057
371 351 42.99767668142082
371 370 2.5079872407968877
371 372 5.861672116384537
372 371 5.861672116384537
372 373 10.942472298342812
372 392 38.48350945534983
373 353 21.93067486421701
373 372 10.942472298342812
373 374 6.717149693136224
374 373 6.717149693136224
374 375 6.59469483751902
374 394 20.055094115959655
375 355 30.79873374020432
375 374 6.59469483751902
375 376 4.612905808706697
376 375 4.612905808706697
376 377 2.9475752746961383
376 396 16.996052482856143
377 357 30.02424686815641
377 376 2.9475752746961383
377 378 8.5678293633802
378 377 8.5678293633802
378 379 6.981146037721885
378 398 16.28329205044239
379 359 43.23469902751724
379 378 6.981146037721885
380 381 5.057005042512819
380 400 18.932152545339374
381 361 29.60449965799118
381 380 5.057005042512819
381 382 0.9888377015466223
382 381 0.9888377015466223
382 383 5.200999903864634
382 402 48.34548376011971
383 363 24.18253295252588
383 382 5.200999903864634
383 384 3.519786925369202
384 383 3.519786925369202
384 385 5.061669684995263
384 404 56.0934693168465
385 365 23.899006255491045
385 384 5.061669684995263
385 386 6.51115965093777
386 385 6.51115965093777
386 387 2.024672813073754
386 406 71.26799702531284
387 367 36.36516189981835
387 386 2.024672813073754
387 388 3.3399700597460447
388 387 3.3399700597460447
388 389 14.555868232434648
388 408 74.19774255326102
389 369 33.87462914926156
389 388 14.555868232434648
389 390 3.776188554614301
390 389 3.776188554614301
390 391 1.360147050873548
390 410 73.78364385146617
391 371 35.29438623917407
391 390 1.360147050873548
391 392 2.9322005388444987
392 391 2.9322005388444987
392 393 2.9275416307885322
392 412 55.02959930800877
393 373 26.306913539980336
393 392 2.9275416307885322
393 394 1.2502799686470278
394 393 1.2502799686470278
394 395 1.6368261972488114
394 414 88.6055737524452
395 375 21.7799908172616
395 394 1.6368261972488114
395 396 0.6184658438426449
396 395 0.6184658438426449
396 397 3.0342214816983955
396 416 85.1271126022726
397 377 11.41884845332489
397 396 3.0342214816983955
397 398 3.2397530770106555
398 397 3.2397530770106555
398 399 1.364844313465824
398 418 309.34201541336085
399 379 11.176296345391005
399 398 1.364844313465824
400 401 21.366033791979262
400 420 67.38135201967974
401 381 37.598703435092006
401 400 21.366033791979262
401 402 16.117149251651178
402 401 16.117149251651178
402 403 11.837651794169332
402 422 20.36875303007035
403 383 52.59102014602874
403 402 11.837651794169332
403 404 7.213376463210562
404 403 7.213376463210562
404 405 16.865360950777184
404 424 27.479435947631817
405 385 57.87470086315782
405 404 16.865360950777184
405 406 24.427820205658957
406 405 24.427820205658957
406 407 23.044795507879858
406 426 274.6990651604042
407 387 72.83726587400162
407 406 23.044795507879858
407 408 6.888867831509054
408 407 6.888867831509054
408 409 5.675711409153915
408 428 294.6112613258359
409 389 85.76872390329706
409 408 5.675711409153915
409 410 9.83380394354087
410 409 9.83380394354087
410 411 6.519946318797424
410 430 260.4298849978627
411 391 66.61144796504577
411 410 6.519946318797424
411 412 10.426216955348679
412 411 10.426216955348679
412 413 13.63268498865868
413 393 58.59787368155948
413 412 13.63268498865868
413 414 42.9003834481698
414 413 42.9003834481698
414 415 3.027606315226593
415 395 86.59011086723471
415 414 3.027606315226593
415 416 2.991270633025373
416 415 2.991270633025373
416 417 4.660010729601378
417 397 82.3830911049106
417 416 4.660010729601378
417 418 349.92080532600517
418 417 349.92080532600517
418 419 8.365189776687682
419 399 304.17533249755803
419 418 8.365189776687682
420 421 12.655702272098527
421 401 41.60809536616643
421 420 12.655702272098527
421 422 14.536161804272826
422 421 14.536161804272826
422 423 11.342133838039482
423 403 14.921960326981177
423 422 11.342133838039482
423 424 11.744415694277858
424 423 11.744415694277858
424 425 322.8999660885705
425 405 289.9582061263312
425 424 322.8999660885705
425 426 19.6726027764503
426 425 19.6726027764503
426 427 21.250432936766245
427 407 278.4834510343478
427 426 21.250432936766245
427 428 12.99432568469792
428 427 12.99432568469792
428 429 20.768167950014274
429 409 277.80112058809266
429 428 20.768167950014274
429 430 20.93863653631726
430 429 20.93863653631726
