666
0 1 157.59895240768574
0 25 125.59257700994912
1 0 157.59895240768574
1 2 11.228410395064824
2 1 11.228410395064824
2 3 3.979246159764434
2 27 50.510914662080715
3 2 3.979246159764434
3 4 15.538741905315234
4 3 15.538741905315234
4 5 14.393109462517142
4 29 43.80955375257777
5 4 14.393109462517142
5 6 10.641099567243973
6 5 10.641099567243973
6 7 2.4254690268069763
6 31 21.488438752035947
7 6 2.4254690268069763
7 8 9.691439521557152
8 7 9.691439521557152
8 9 2.6967573120323567
8 33 16.555536838169882
9 8 2.6967573120323567
9 10 9.630976066837663
10 9 9.630976066837663
10 11 9.417271367014973
10 35 20.15692932963749
11 10 9.417271367014973
11 12 21.17124937267519
12 11 21.17124937267519
12 13 4.239775937475943
12 37 8.359551423371942
13 12 4.239775937475943
13 14 2.0808652046684797
14 13 2.0808652046684797
14 15 2.4964775184247125
14 39 19.575724763083485
15 14 2.4964775184247125
15 16 8.058436572933985
16 15 8.058436572933985
16 17 11.321104186429874
16 41 19.79153859607686
17 16 11.321104186429874
17 18 69.77000286656151
18 17 69.77000286656151
18 19 4.9701609631882135
18 43 38.78842739787216
19 18 4.9701609631882135
19 20 9.923074120452789
20 19 9.923074120452789
20 21 1.2808200498118398
20 45 50.40800730042797
21 20 1.2808200498118398
21 22 5.350756955796057
22 21 5.350756955796057
22 23 1.9192706948213452
22 47 43.43475566870384
23 22 1.9192706948213452
23 24 9.767010801673154
24 23 9.767010801673154
24 49 31.828988359669864
25 26 9.354528315206483
25 50 32.87127925712657
26 1 60.461220629424936
26 25 9.354528315206483
26 27 4.595269306580413
27 26 4.595269306580413
27 28 3.6016801634792595
27 52 6.679176595958515
28 3 52.44616287203478
28 27 3.6016801634792595
28 29 20.69041565556381
29 28 20.69041565556381
29 30 2.1631689716709532
29 54 22.584105029865583
30 5 30.28677103951492
30 29 2.1631689716709532
30 31 4.209334864322395
31 30 4.209334864322395
31 32 2.4001041644061964
31 56 19.719667847101277
32 7 23.01210985546523
32 31 2.4001041644061964
32 33 4.790511454949247
33 32 4.790511454949247
33 34 2.9328654929948623
33 58 16.137363477346607
34 9 21.958369702689676
34 33 2.9328654929948623
34 35 3.263081365825866
35 34 3.263081365825866
35 36 15.57891202876504
35 60 10.327632836231158
36 11 16.771884211381852
36 35 15.57891202876504
36 37 1.499666629621399
37 36 1.499666629621399
37 38 4.253998119416607
37 62 26.11804931460235
38 13 16.3397827402937
38 37 4.253998119416607
38 39 3.317303121513018
39 38 3.317303121513018
39 40 5.50014545262214
39 64 14.515012917665626
40 15 25.382927333150523
40 39 5.50014545262214
40 41 14.450813125910942
41 40 14.450813125910942
41 42 3.597846578163114
41 66 28.756752250558478
42 17 28.46456217825948
42 41 3.597846578163114
42 43 4.473935627610215
43 42 4.473935627610215
43 44 5.610570380986232
43 68 25.15854526796015
44 19 35.827398733371645
44 43 5.610570380986232
44 45 15.833941391832923
45 44 15.833941391832923
45 46 3.4625568587389286
45 70 35.146587316551795
46 21 48.320134519680295
46 45 3.4625568587389286
46 47 1.3649908424601147
47 46 1.3649908424601147
47 48 2.196474447836817
47 72 17.973385880239707
48 23 40.543045026243405
48 47 2.196474447836817
48 49 9.424844826308814
49 48 9.424844826308814
49 74 11.779821730399831
50 51 2.938741227124305
50 75 8.300674671374612
51 26 31.298952059134514
51 50 2.938741227124305
51 52 29.03161208062687
52 51 29.03161208062687
52 53 4.133594077797185
52 77 37.88126317851609
53 28 6.829004319811199
53 52 4.133594077797185
53 54 3.0707979419037073
54 53 3.0707979419037073
54 55 4.227919109916835
54 79 40.6672005429437
55 30 22.883094196371268
55 54 4.227919109916835
55 56 3.080259729308551
56 55 3.080259729308551
56 57 3.109372927134988
56 81 40.985465716519556
57 32 20.64424859373671
57 56 3.109372927134988
57 58 4.270562023902708
58 57 4.270562023902708
58 59 0.9924716620639588
58 83 49.13424976531137
59 34 13.53968980442314
59 58 0.9924716620639588
59 60 1.7283807450906168
60 59 1.7283807450906168
60 61 4.142294050402499
60 85 40.35701178234088
61 36 29.099486249760496
61 60 4.142294050402499
61 62 3.1630365157550644
62 61 3.1630365157550644
62 63 3.920204076320527
62 87 25.922200909645003
63 38 20.9267771049438
63 62 3.920204076320527
63 64 4.364916952245477
64 63 4.364916952245477
64 65 3.5101139582640313
64 89 20.11927682596967
65 40 12.43386102544177
65 64 3.5101139582640313
65 66 3.6499999999999986
66 65 3.6499999999999986
66 67 1.5289538907370608
66 91 17.872663483655703
67 42 28.347133893923033
67 66 1.5289538907370608
67 68 2.09038274007418
68 67 2.09038274007418
68 69 2.1914607000811106
68 93 16.713018877509832
69 44 21.447918313906367
69 68 2.1914607000811106
69 70 3.300802932621094
70 69 3.300802932621094
70 71 4.8304554650674545
70 95 12.516313354977974
71 46 32.2896051384962
71 70 4.8304554650674545
71 72 14.787156589419075
72 71 14.787156589419075
72 73 2.7704151313476473
72 97 31.31393459787511
73 48 16.50136054996678
73 72 2.7704151313476473
73 74 4.658433213001986
74 73 4.658433213001986
74 99 33.547464881865515
75 76 4.291945945605561
75 100 34.62513682283436
76 51 8.390053635108652
76 75 4.291945945605561
76 77 2.66030073487942
77 76 2.66030073487942
77 78 3.470000000000013
77 102 36.33526111093741
78 53 37.852326216495605
78 77 3.470000000000013
78 79 6.369207172011284
79 78 6.369207172011284
79 80 2.124241040936738
79 104 38.85252372755211
80 55 39.20362865858211
80 79 2.124241040936738
80 81 3.300378766141853
81 80 3.300378766141853
81 82 7.439852149068555
81 106 48.33249941809341
82 57 35.62983581213924
82 81 7.439852149068555
82 83 17.997210895024818
83 82 17.997210895024818
83 84 3.0485406344675794
83 108 56.2312768839549
84 59 45.09746445200661
84 83 3.0485406344675794
84 85 3.156010139400696
85 84 3.156010139400696
85 86 9.28245657140393
85 110 44.48666429392072
86 61 33.56939379851831
86 85 9.28245657140393
86 87 4.8110393887391965
87 86 4.8110393887391965
87 88 3.115798453045382
87 112 46.63762000788633
88 63 19.378464851478814
88 87 3.115798453045382
88 89 4.524433666217241
89 88 4.524433666217241
89 90 2.212261286557262
89 114 39.04292125341033
90 65 19.115661118569776
90 89 2.212261286557262
90 91 2.5091233528864265
91 90 2.5091233528864265
91 92 15.190750475206947
91 116 31.79072191693671
92 67 14.107179023461779
92 91 15.190750475206947
92 93 12.717271719987751
93 92 12.717271719987751
93 94 1.2725171904536299
93 118 40.42158086962953
94 69 15.577682754504924
94 93 1.2725171904536299
94 95 1.3207573584879284
95 94 1.3207573584879284
95 96 6.494004927623625
95 120 38.171258821264985
96 71 13.528876523939445
96 95 6.494004927623625
96 97 7.463846193484957
97 96 7.463846193484957
97 98 4.431895756896813
97 122 38.68792188784504
98 73 34.364740650847345
98 97 4.431895756896813
98 99 5.588559742903352
99 98 5.588559742903352
99 124 28.71617140219079
100 101 3.2405555079337813
100 125 17.4322259049153
101 76 34.863110876684544
101 100 3.2405555079337813
101 102 5.127621280866989
102 101 5.127621280866989
102 103 3.00323159280133
102 127 13.981773850266645
103 78 37.63510728030412
103 102 3.00323159280133
103 104 6.266234914204854
104 103 6.266234914204854
104 105 9.881295461628502
104 129 33.70704525763122
105 80 47.624886351570446
105 104 9.881295461628502
105 106 4.165309112178826
106 105 4.165309112178826
106 107 16.774340523549657
106 131 48.982352944708566
107 82 65.1803850863126
107 106 16.774340523549657
107 108 13.146501435743275
108 107 13.146501435743275
108 109 13.800568828856298
108 133 48.74194600136519
109 84 44.495278401196686
109 108 13.800568828856298
109 110 4.859063695816308
110 109 4.859063695816308
110 111 3.7032553247109496
110 135 37.82610870813967
111 86 46.00036521594149
111 110 3.7032553247109496
111 112 2.154553317975683
112 111 2.154553317975683
112 113 2.7822652641328034
112 137 26.43071887028425
113 88 45.39859028648356
113 112 2.7822652641328034
113 114 3.9411927128725908
114 113 3.9411927128725908
114 115 4.566015768698129
114 139 76.84248108956399
115 90 37.30664418036015
115 114 4.566015768698129
115 116 6.911671288480091
116 115 6.911671288480091
116 117 7.843583364763834
116 141 81.31896334804078
117 92 41.6508355258331
117 116 7.843583364763834
117 118 7.961061487012896
118 117 7.961061487012896
118 119 3.861217424595508
118 143 78.05666915773438
119 94 39.696399081024964
119 118 3.861217424595508
119 120 2.250799857828323
120 119 2.250799857828323
120 121 3.3842724476613886
120 145 74.81859996017033
121 96 33.340485899278676
121 120 3.3842724476613886
121 122 3.3228451664198833
122 121 3.3228451664198833
122 123 2.3155344955322934
122 147 74.92562312053201
123 98 34.71243149074983
123 122 2.3155344955322934
123 124 0.7280109889280534
124 123 0.7280109889280534
124 149 74.85517884555483
125 126 5.198922965384273
125 150 85.89664079578432
126 101 12.077421082333768
126 125 5.198922965384273
126 127 6.96954804847488
127 126 6.96954804847488
127 128 1.8593009439033785
127 152 79.20023042895771
128 103 18.315687265292564
128 127 1.8593009439033785
128 129 9.678429624686016
129 128 9.678429624686016
129 130 5.916629107862012
129 154 80.71051108746617
130 105 43.851991972999365
130 129 5.916629107862012
130 131 2.627108676853701
131 130 2.627108676853701
131 132 3.769681684174403
131 156 76.02206324482387
132 107 59.21298928444671
132 131 3.769681684174403
132 133 4.492271140525696
133 132 4.492271140525696
133 134 3.208815981012308
133 158 80.46620657145459
134 109 40.36105177024008
134 133 3.208815981012308
134 135 4.258931790954161
135 134 4.258931790954161
135 136 11.858941774037007
135 160 82.30752699480163
136 111 31.659887870932206
136 135 11.858941774037007
136 137 6.434695019967926
137 136 6.434695019967926
137 138 46.34558231374378
137 162 91.39774668994855
138 113 59.96634472768872
138 137 46.34558231374378
138 139 15.736740450296558
139 138 15.736740450296558
139 140 4.511363430272497
139 164 57.01991932649502
140 115 83.13910391626794
140 139 4.511363430272497
140 141 8.598348678670806
141 140 8.598348678670806
141 142 2.1124866863485807
141 166 15.320812641632298
142 117 77.02665123189506
142 141 2.1124866863485807
142 143 1.0500000000000016
143 142 1.0500000000000016
143 144 1.94023194489731
143 168 22.973071192158876
144 119 75.4040642140727
144 143 1.94023194489731
144 145 1.6790771274721121
145 144 1.6790771274721121
145 146 5.020248997808775
145 170 19.175870254045833
146 121 74.57912643628913
146 145 5.020248997808775
146 147 3.61292125571538
147 146 3.61292125571538
147 148 14.094005818077413
147 172 28.941694836342947
148 123 64.75294665109843
148 147 14.094005818077413
148 149 13.701842941735977
149 148 13.701842941735977
149 174 34.06694585665113
150 151 2.0698067542647545
150 175 36.62821862990336
151 126 83.08203295538692
151 150 2.0698067542647545
151 152 3.260751447136072
152 151 3.260751447136072
152 153 6.94591966553026
152 177 29.86416749216358
153 128 82.63449461332719
153 152 6.94591966553026
153 154 9.547381840064846
154 153 9.547381840064846
154 155 2.640303012913481
154 179 37.86990493782629
155 130 77.37838522481584
155 154 2.640303012913481
155 156 1.5871042813879639
156 155 1.5871042813879639
156 157 1.262893503031828
156 181 37.85524005999698
157 132 77.09003891554342
157 156 1.262893503031828
157 158 6.137165469498115
158 157 6.137165469498115
158 159 6.569208475912451
158 183 27.060957115371952
159 134 84.14102685372933
159 158 6.569208475912451
159 160 6.2699681019922275
160 159 6.2699681019922275
160 161 3.1398407602934273
160 185 17.600232953003776
161 136 91.58239841803663
161 160 3.1398407602934273
161 162 4.927402967081136
162 161 4.927402967081136
162 163 13.443764353781273
162 187 19.297556840180572
163 138 61.843415979391054
163 162 13.443764353781273
163 164 6.200072580220331
164 163 6.200072580220331
164 165 5.161172347442006
164 189 30.538555958001684
165 140 63.22639717712848
165 164 5.161172347442006
165 166 59.041388872552794
166 165 59.041388872552794
166 167 4.031339727683589
166 191 36.63484679918834
167 142 21.420275441739776
167 166 4.031339727683589
167 168 1.418203088418582
168 167 1.418203088418582
168 169 2.0529247428973134
168 193 36.05810865810907
169 144 24.985195616604646
169 168 2.0529247428973134
169 170 13.295792567575655
170 169 13.295792567575655
170 171 6.439332263519255
170 195 26.791515447992115
171 146 24.251731896918205
171 170 6.439332263519255
171 172 2.4613004692641653
172 171 2.4613004692641653
172 173 4.3484365006287025
172 197 35.708470983787585
173 148 22.94287253157285
173 172 4.3484365006287025
173 174 1.0480935072788111
174 173 1.0480935072788111
174 199 44.303419732566915
175 176 6.525534460869854
175 200 43.137900968869594
176 151 32.63790587644985
176 175 6.525534460869854
176 177 2.9355238033441315
177 176 2.9355238033441315
177 178 1.629355700883021
177 202 46.7574860316506
178 153 33.494126350749916
178 177 1.629355700883021
178 179 1.4663219291819922
179 178 1.4663219291819922
179 180 1.2576565508913793
179 204 39.88524539225
180 155 38.82206846627315
180 179 1.2576565508913793
180 181 6.979061541496823
181 180 6.979061541496823
181 182 3.5514081714159524
181 206 25.244652899178472
182 157 33.54407250171034
182 181 3.5514081714159524
182 183 6.366239078137108
183 182 6.366239078137108
183 184 4.8249455955482015
183 208 30.129726185280873
184 159 25.29231503836689
184 183 4.8249455955482015
184 185 2.0096019506359957
185 184 2.0096019506359957
185 186 13.139410184631577
185 210 30.315705500614694
186 161 27.746309664530166
186 185 13.139410184631577
186 187 4.029999999999999
187 186 4.029999999999999
187 188 6.126483493816007
187 212 33.60878605364972
188 163 35.42270599488413
188 187 6.126483493816007
188 189 3.831892482834037
189 188 3.831892482834037
189 190 2.8408625450732385
189 214 34.71089310288631
190 165 32.732766458092115
190 189 2.8408625450732385
190 191 7.074715541984711
191 190 7.074715541984711
191 192 9.917988707394258
191 216 30.92987229200923
192 167 30.07706435142898
192 191 9.917988707394258
192 193 7.3540533041309954
193 192 7.3540533041309954
193 194 0.02236067977499742
193 218 18.450054200462393
194 169 34.325748353094944
194 193 0.02236067977499742
194 195 5.166120401229534
195 194 5.166120401229534
195 196 6.91841744909918
195 220 26.596616326141937
196 171 35.164575925212006
196 195 6.91841744909918
196 197 6.507111494357539
197 196 6.507111494357539
197 198 5.410258773848066
197 222 25.92186143007481
198 173 44.455304520383166
198 197 5.410258773848066
198 199 1.8514858897652988
199 198 1.8514858897652988
199 224 27.834572028324775
200 201 4.452774416024241
200 225 29.78797911910105
201 176 41.00621538254902
201 200 4.452774416024241
201 202 9.272351373842561
202 201 9.272351373842561
202 203 8.373864102073789
202 227 40.726994733223314
203 178 40.62302918296468
203 202 8.373864102073789
203 204 2.0902152999152976
204 203 2.0902152999152976
204 205 0.384707681233428
204 229 17.639620177316743
205 180 38.95270080495061
205 204 0.384707681233428
205 206 26.10672135676941
206 205 26.10672135676941
206 207 4.594616414892542
206 231 36.217444691750416
207 182 29.02796065864772
207 206 4.594616414892542
207 208 11.855703268891306
208 207 11.855703268891306
208 209 1.3822445514452195
208 233 28.85689692257295
209 184 28.317854791632787
209 208 1.3822445514452195
209 210 2.7602898398537787
210 209 2.7602898398537787
210 211 4.843727903175404
210 235 65.33838764463047
211 186 36.41241546505807
211 210 4.843727903175404
211 212 3.7198118231975132
212 211 3.7198118231975132
212 213 4.458901209939506
212 237 65.85132724554609
213 188 32.576410176690736
213 212 4.458901209939506
213 214 4.0485552978809585
214 213 4.0485552978809585
214 215 6.465059937850538
214 239 68.04527389907399
215 190 35.9094917814218
215 214 6.465059937850538
215 216 39.073942724020064
216 215 39.073942724020064
216 217 22.650183222216988
216 241 53.1086772571112
217 192 43.157030713430686
217 216 22.650183222216988
217 218 30.332914465972436
218 217 30.332914465972436
218 219 2.7613402542968135
218 243 63.553267421903655
219 194 18.25705343148231
219 218 2.7613402542968135
219 220 4.490345198311594
220 219 4.490345198311594
220 221 10.6267304473201
220 245 69.53930183716257
221 196 19.1957833911513
221 220 10.6267304473201
221 222 2.7390691849604685
222 221 2.7390691849604685
222 223 0.707106781186547
222 247 74.3356341198486
223 198 22.95244649269441
223 222 0.707106781186547
223 224 3.5420050818710034
224 223 3.5420050818710034
224 249 80.05976267763975
225 226 4.578493201916978
225 250 74.12650065934585
226 201 33.06164696442087
226 225 4.578493201916978
226 227 2.2268587741480164
227 226 2.2268587741480164
227 228 7.180062673821169
227 252 79.6122006981342
228 203 36.33211802248803
228 227 7.180062673821169
228 229 27.220360027009193
229 228 27.220360027009193
229 230 6.083066660821664
229 254 78.7867025582363
230 205 14.55831377598381
230 229 6.083066660821664
230 231 6.655200973674649
231 230 6.655200973674649
231 232 11.364000175994365
231 256 69.67651541229657
232 207 42.52557465808075
232 231 11.364000175994365
232 233 15.850529959594413
233 232 15.850529959594413
233 234 90.86562221214358
233 258 65.62194754805742
234 209 73.20154233347819
234 233 90.86562221214358
234 235 16.35
235 234 16.35
235 236 2.7750315313523917
235 260 14.969011323397414
236 211 71.37085119290649
236 235 2.7750315313523917
236 237 4.767315806614873
237 236 4.767315806614873
237 238 1.084527546906944
237 262 13.541687487163484
238 213 66.16643031024115
238 237 1.084527546906944
238 239 1.9331321734428815
239 238 1.9331321734428815
239 240 1.0934349546269333
239 264 11.962023240238247
240 215 72.1894846913316
240 239 1.0934349546269333
240 241 1.123610252712211
241 240 1.123610252712211
241 242 4.225079880901662
241 266 10.85388870405441
242 217 76.31100641454023
242 241 4.225079880901662
242 243 1.0722872749408157
243 242 1.0722872749408157
243 244 3.0383219052628347
243 268 9.551649072280663
244 219 65.30426785440595
244 243 3.0383219052628347
244 245 2.644257929930437
245 244 2.644257929930437
245 246 3.097418279793674
245 270 8.027932486014063
246 221 70.87649610413878
246 245 3.097418279793674
246 247 1.5371727293964057
247 246 1.5371727293964057
247 248 2.553448648396907
247 272 13.768660065525621
248 223 75.74712139744982
248 247 2.553448648396907
248 249 5.650433611679727
249 248 5.650433611679727
249 274 15.343092908537056
250 251 1.3845215780189224
250 275 12.316054563048997
251 226 76.59047721486007
251 250 1.3845215780189224
251 252 3.1508728949292704
252 251 3.1508728949292704
252 253 2.750000000000002
252 277 8.983724172079198
253 228 80.22640525413064
253 252 2.750000000000002
253 254 1.9645864704817657
254 253 1.9645864704817657
254 255 3.984068272507388
254 279 8.86399458483589
255 230 74.70259567110102
255 254 3.984068272507388
255 256 1.9250194804209129
256 255 1.9250194804209129
256 257 0.08000000000000007
256 281 9.17889426891932
257 232 80.88136559183457
257 256 0.08000000000000007
257 258 2.2719154913860673
258 257 2.2719154913860673
258 259 8.675165704469281
258 283 11.106200970628976
259 234 27.756029975484605
259 258 8.675165704469281
259 260 3.0893364983439406
260 259 3.0893364983439406
260 261 0.330151480384386
260 285 7.754824304908527
261 236 13.582065380493498
261 260 0.330151480384386
261 262 0.9843271813782248
262 261 0.9843271813782248
262 263 10.214597397841972
262 287 10.563602605172155
263 238 12.068906329904133
263 262 10.214597397841972
263 264 2.886260556498668
264 263 2.886260556498668
264 265 0.9234717104492103
264 289 3.5040833323424256
265 240 10.214029567217828
265 264 0.9234717104492103
265 266 1.742871194322747
266 265 1.742871194322747
266 267 2.096139308347611
266 291 6.708353002041562
267 242 11.09617051058607
267 266 2.096139308347611
267 268 2.2589378034819796
268 267 2.2589378034819796
268 269 1.9259543089076625
268 293 5.868057600262624
269 244 8.147054682521778
269 268 1.9259543089076625
269 270 2.1958369702689686
270 269 2.1958369702689686
270 271 1.6493938280471399
270 295 9.757540673755866
271 246 12.552680988537864
271 270 1.6493938280471399
271 272 1.3313526955694346
272 271 1.3313526955694346
272 273 1.694018890095384
272 297 13.642301858557449
273 248 10.664567501778963
273 272 1.694018890095384
273 274 1.2660568707605542
274 273 1.2660568707605542
274 299 9.981122181398241
275 276 1.16619037896906
275 300 10.952269171272228
276 251 11.059118409710603
276 275 1.16619037896906
276 277 0.7580237463298879
277 276 0.7580237463298879
277 278 0.8260750571225354
277 302 11.721100630913462
278 253 8.06380803342937
278 277 0.8260750571225354
278 279 1.0381714694596453
279 278 1.0381714694596453
279 280 1.041201229350023
279 304 11.593467988483862
280 255 8.424873886296457
280 279 1.041201229350023
280 281 0.7186793443532394
281 280 0.7186793443532394
281 282 0.566127194188727
281 306 12.05492845271178
282 257 8.893784346384834
282 281 0.566127194188727
282 283 1.6519382555047304
283 282 1.6519382555047304
283 284 10.825659333269268
283 308 58.804194578278164
284 259 7.0739310146480765
284 283 10.825659333269268
284 285 2.567800615312645
285 284 2.567800615312645
285 286 1.461677118928801
285 310 31.965645621510607
286 261 6.82426552824551
286 285 1.461677118928801
286 287 3.1506507264373176
287 286 3.1506507264373176
287 288 0.7802563681252461
287 312 31.54942947186209
288 263 3.597846578163111
288 287 0.7802563681252461
288 289 2.2501999911119013
289 288 2.2501999911119013
289 290 1.7204650534085253
289 314 24.00861928558159
290 265 5.172794215895307
290 289 1.7204650534085253
290 291 1.4159802258506315
291 290 1.4159802258506315
291 292 0.40311288741492707
291 316 16.243152403397563
292 267 4.57961788799022
292 291 0.40311288741492707
292 293 0.8528774824088158
293 292 0.8528774824088158
293 294 0.27459060435492266
293 318 8.61307146144742
294 269 6.910817607201047
294 293 0.27459060435492266
294 295 1.0900000000000034
295 294 1.0900000000000034
295 296 2.0319448811422007
295 320 13.238221179599622
296 271 11.697354401744015
296 295 2.0319448811422007
296 297 1.020784012413988
297 296 1.020784012413988
297 298 1.3729530217745984
297 322 19.708597108876116
298 273 11.42429428892656
298 297 1.3729530217745984
298 299 1.2625371281669304
299 298 1.2625371281669304
299 324 20.221938581649386
300 301 5.7029203045457315
300 325 11.91169173543372
301 276 15.01688716079334
301 300 5.7029203045457315
301 302 10.627008045541322
302 301 10.627008045541322
302 303 0.8657944328765341
302 327 20.98800848103507
303 278 12.69369134649177
303 302 0.8657944328765341
303 304 2.3691559678501557
304 303 2.3691559678501557
304 305 1.2971121771072838
304 329 15.740536839637967
305 280 10.221002886214249
305 304 1.2971121771072838
305 306 1.7641145087550296
306 305 1.7641145087550296
306 307 16.961441566093374
306 331 19.28341515396067
307 282 29.188862602026827
307 306 16.961441566093374
307 308 29.930006682257854
308 307 29.930006682257854
308 309 20.966492315120338
308 333 62.02637584124998
309 284 69.46386830576023
309 308 20.966492315120338
309 310 92.08178810166537
310 309 92.08178810166537
310 311 6.530581903628499
310 335 20.757661236276117
311 286 24.814239863433254
311 310 6.530581903628499
311 312 8.662759375626223
312 311 8.662759375626223
312 313 4.136786192202839
312 337 23.33704779958254
313 288 27.68105669948313
313 312 4.136786192202839
313 314 1.6429546554911312
314 313 1.6429546554911312
314 315 2.415988410568226
314 339 18.171750053310777
315 290 27.221432732315908
315 314 2.415988410568226
315 316 14.672130043044191
316 315 14.672130043044191
316 317 5.884122704362989
316 341 12.400745945305063
317 292 10.101851315476782
317 316 5.884122704362989
317 318 1.6688319268278622
318 317 1.6688319268278622
318 319 5.093220984799304
318 343 7.45184540902453
319 294 13.260561828218288
319 318 5.093220984799304
319 320 2.402353013193521
320 319 2.402353013193521
320 321 2.510239032442927
320 345 6.64693162293701
321 296 16.131366960056422
321 320 2.510239032442927
321 322 3.737512541784977
322 321 3.737512541784977
322 323 2.824553061990519
322 347 7.9250047318597865
323 298 21.23175216509462
323 322 2.824553061990519
323 324 1.8261708572858129
324 323 1.8261708572858129
324 349 8.889955005510435
325 326 0.8558621384311859
325 350 6.046461775286438
326 301 18.010802314166906
326 325 0.8558621384311859
326 327 2.1260291625469288
327 326 2.1260291625469288
327 328 4.524289999546889
327 352 6.634108832390374
328 303 16.882135528421756
328 327 4.524289999546889
328 329 1.1375851616472497
329 328 1.1375851616472497
329 330 0.9984988733093333
329 354 3.8501168813426965
330 305 15.630719753101582
330 329 0.9984988733093333
330 331 1.9956452590578324
331 330 1.9956452590578324
331 332 5.314169737597774
331 356 6.314214123705337
332 307 31.477051958530044
332 331 5.314169737597774
332 333 2.17572976263138
333 332 2.17572976263138
333 334 1.947434209415046
333 358 4.15900228420231
334 309 83.45690744330274
334 333 1.947434209415046
334 335 1.8754199529705335
335 334 1.8754199529705335
335 336 7.421704655939902
335 360 9.45719831662634
336 311 21.021990866709086
336 335 7.421704655939902
336 337 1.000449898795537
337 336 1.000449898795537
337 338 0.4753945729601896
337 362 3.8756934863324757
338 313 19.99017758800556
338 337 0.4753945729601896
338 339 0.5727128425310495
339 338 0.5727128425310495
339 340 0.7017834423809105
339 364 4.307505078348719
340 315 19.566629755785737
340 339 0.7017834423809105
340 341 0.1941648783894758
341 340 0.1941648783894758
341 342 0.1200000000000001
341 366 7.110562565648378
342 317 9.155730446010297
342 341 0.1200000000000001
342 343 0.03999999999999915
343 342 0.03999999999999915
343 344 0.15033296378372932
343 368 9.614624277630405
344 319 8.828731505714732
344 343 0.15033296378372932
344 345 2.013578903345979
345 344 2.013578903345979
345 346 1.8249657531033292
345 370 6.443423003342241
346 321 5.177692536255896
346 345 1.8249657531033292
346 347 0.9104943712072039
347 346 0.9104943712072039
347 348 0.6280127387243027
347 372 6.047875660097515
348 323 9.907017714731316
348 347 0.6280127387243027
348 349 0.7736924453553865
349 348 0.7736924453553865
349 374 5.180550163833955
350 351 7.105955248944366
350 375 8.347772157887396
351 326 7.103492098960906
351 350 7.105955248944366
351 352 2.034944716693798
352 351 2.034944716693798
352 353 0.8205485969764378
352 377 7.15923180236539
353 328 3.7904749042831023
353 352 0.8205485969764378
353 354 1.1531695452100703
354 353 1.1531695452100703
354 355 1.4948244044034047
354 379 10.295241619311316
355 330 5.022598928841521
355 354 1.4948244044034047
355 356 2.810266891240046
356 355 2.810266891240046
356 357 1.0400961494015826
356 381 10.380525034891061
357 332 3.5636638449775244
357 356 1.0400961494015826
357 358 3.000833217624732
358 357 3.000833217624732
358 359 1.1761377470347598
358 383 9.106876522716224
359 334 3.9902004962157
359 358 1.1761377470347598
359 360 5.603936116695122
360 359 5.603936116695122
360 361 0.346698716467197
360 385 12.22856083110355
361 336 4.173068415446836
361 360 0.346698716467197
361 362 0.9176055797563564
362 361 0.9176055797563564
362 363 0.7653103945458973
362 387 10.375572273373647
363 338 3.3182073473488702
363 362 0.7653103945458973
363 364 0.9751410154434084
364 363 0.9751410154434084
364 365 2.9208389205842895
364 389 8.492355385874998
365 340 5.713580313603725
365 364 2.9208389205842895
365 366 1.8085353189805276
366 365 1.8085353189805276
366 367 1.3548431643551975
366 391 7.4940242860561925
367 342 7.701460900374682
367 366 1.3548431643551975
367 368 2.020618717126019
368 367 2.020618717126019
368 369 1.4252368224263683
368 393 4.549604378404785
369 344 9.054705958781877
369 368 1.4252368224263683
369 370 8.125103076269246
370 369 8.125103076269246
370 371 1.7380736463107644
370 395 17.63915247397108
371 346 5.6269085651003765
371 370 1.7380736463107644
371 372 1.8800265955565636
372 371 1.8800265955565636
372 373 1.2100000000000009
372 397 9.376145263379826
373 348 5.920008445939916
373 372 1.2100000000000009
373 374 1.2567418191498199
374 373 1.2567418191498199
374 399 10.587473730782051
375 376 2.6303041649208545
375 400 6.982521034698
376 351 6.691382517835907
376 375 2.6303041649208545
376 377 0.8315046602394944
377 376 0.8315046602394944
377 378 1.133578404875462
377 402 9.260777505155819
378 353 6.878408246098804
378 377 1.133578404875462
378 379 5.448017988222868
379 378 5.448017988222868
379 380 4.037288694160968
379 404 12.006539884579572
380 355 7.830415059241755
380 379 4.037288694160968
380 381 2.1436650857818265
381 380 2.1436650857818265
381 382 1.395170240508307
381 406 8.361728290251962
382 357 9.51362181295851
382 381 1.395170240508307
382 383 1.1968291440301746
383 382 1.1968291440301746
383 384 1.010445446325529
383 408 5.2337844816155705
384 359 9.726052642259342
384 383 1.010445446325529
384 385 2.8321899653801474
385 384 2.8321899653801474
385 386 0.8538149682454644
385 410 9.354977284846823
386 361 12.510895251739585
386 385 0.8538149682454644
386 387 2.0038463014912105
387 386 2.0038463014912105
387 388 2.7587859648765805
387 412 16.777380606042172
388 363 13.691081038398686
388 387 2.7587859648765805
388 389 17.700002824858533
389 388 17.700002824858533
389 390 4.198392549536069
389 414 13.554519541466604
390 365 10.06233074391813
390 389 4.198392549536069
390 391 1.2175795661885902
391 390 1.2175795661885902
391 392 1.6707483353276145
391 416 13.726361498955214
392 367 4.70975583231233
392 391 1.6707483353276145
392 393 2.861223514512629
393 392 2.861223514512629
393 394 1.8346934348822406
393 418 8.030473211461452
394 369 7.670912592384299
394 393 1.8346934348822406
394 395 2.291658787865246
395 394 2.291658787865246
395 396 6.419423650141811
395 420 11.923120396943077
396 371 9.772553402258799
396 395 6.419423650141811
396 397 2.1931712199461333
397 396 2.1931712199461333
397 398 0.5943904440685406
397 422 5.807374621978504
398 373 8.773511269725477
398 397 0.5943904440685406
398 399 2.9878587650690607
399 398 2.9878587650690607
399 424 9.62193847413295
400 401 1.1920151005754884
400 425 10.362210188951003
401 376 6.5223615355176365
401 400 1.1920151005754884
401 402 3.948493383557836
402 401 3.948493383557836
402 403 1.8396738841436011
402 427 9.713212650817438
403 378 6.910354549514809
403 402 1.8396738841436011
403 404 1.245351356043742
404 403 1.245351356043742
404 405 4.0941421567893785
404 429 11.737469914764429
405 380 11.223711507340163
405 404 4.0941421567893785
405 406 2.3847222060441333
406 405 2.3847222060441333
406 407 2.330085835328817
406 431 7.759284760852633
407 382 8.548923908890519
407 406 2.330085835328817
407 408 3.4893265825944138
408 407 3.4893265825944138
408 409 1.9625493624365231
408 433 9.991541422623438
409 384 6.565097105146273
409 408 1.9625493624365231
409 410 1.2536347155371823
410 409 1.2536347155371823
410 411 2.452203091099918
410 435 15.91510603169203
411 386 12.368463930496786
411 410 2.452203091099918
411 412 4.039430652950984
412 411 4.039430652950984
412 413 3.640329655402107
412 437 21.574023732257274
413 388 13.944604691420977
413 412 3.640329655402107
413 414 1.283160161476346
414 413 1.283160161476346
414 415 1.324009063413088
414 439 13.890500350959284
415 390 12.572847728339033
415 414 1.324009063413088
415 416 2.334823333787807
416 415 2.334823333787807
416 417 14.210306119151692
416 441 13.112989742999115
417 392 6.61105135360481
417 416 14.210306119151692
417 418 0.8309632964216874
418 417 0.8309632964216874
418 419 1.3395894893585862
418 443 15.504209105917012
419 394 8.594492422476153
419 418 1.3395894893585862
419 420 2.2770595073471345
420 419 2.2770595073471345
420 421 1.9911052207254145
420 445 15.66601736243133
421 396 7.642911748803592
421 420 1.9911052207254145
421 422 2.2722015755649845
422 421 2.2722015755649845
422 423 3.0768977883576163
422 447 20.263390634343505
423 398 7.797602195547037
423 422 3.0768977883576163
423 424 3.2863657739210965
424 423 3.2863657739210965
424 449 31.081377060870384
425 426 3.8833233190142686
425 450 32.83038988498309
426 401 11.752212557642073
426 425 3.8833233190142686
426 427 1.2999999999999965
427 426 1.2999999999999965
427 428 3.2698012171996034
427 452 14.122963570016031
428 403 12.683552341516943
428 427 3.2698012171996034
428 429 0.8728115489611767
429 428 0.8728115489611767
429 430 8.260871624713705
429 454 6.381629885852046
430 405 9.208311463020786
430 429 8.260871624713705
430 431 3.1686590223626157
431 430 3.1686590223626157
431 432 2.4954558701768326
431 456 23.13913784046415
432 407 9.1701962901565
432 431 2.4954558701768326
432 433 2.0700241544484435
433 432 2.0700241544484435
433 434 2.901723625709378
433 458 21.409019127461214
434 409 12.037545430859229
434 433 2.901723625709378
434 435 8.130614982890286
435 434 8.130614982890286
435 436 33.48043159817388
435 460 17.07867090847528
436 411 24.14017812693187
436 435 33.48043159817388
436 437 8.416085788536142
437 436 8.416085788536142
437 438 11.24157462280085
437 462 21.51535498196579
438 413 15.319546337930506
438 437 11.24157462280085
438 439 5.707889277132134
439 438 5.707889277132134
439 440 2.7082282030877676
439 464 64.38349633252298
440 415 12.47141130746637
440 439 2.7082282030877676
440 441 4.326337943341919
441 440 4.326337943341919
441 442 4.890040899624461
441 466 62.25279592114719
442 417 13.73312783017765
442 441 4.890040899624461
442 443 2.319353358158258
443 442 2.319353358158258
443 444 5.241869895371306
443 468 45.93799299055194
444 419 9.330423355882626
444 443 5.241869895371306
444 445 6.355603826545514
445 444 6.355603826545514
445 446 3.982122549595878
445 470 39.911909250247604
446 421 12.498547915658044
446 445 3.982122549595878
446 447 11.482029437342513
447 446 11.482029437342513
447 448 6.692159591641549
447 472 35.517416854270245
448 423 29.382942330542733
448 447 6.692159591641549
448 449 5.135065724993204
449 448 5.135065724993204
449 474 55.21809938779132
450 451 11.12378083207324
450 475 56.71418252959307
451 426 18.27424964259819
451 450 11.12378083207324
451 452 3.265348373451141
452 451 3.265348373451141
452 453 2.3294849216082025
452 477 94.12487715795437
453 428 8.716719566442414
453 452 2.3294849216082025
453 454 4.1110825824836015
454 453 4.1110825824836015
454 455 6.703610967232512
454 479 125.36876564758863
455 430 21.329510074073436
455 454 6.703610967232512
455 456 5.00188964292496
456 455 5.00188964292496
456 457 4.3887697592833455
456 481 83.08801237242349
457 432 27.784738616729868
457 456 4.3887697592833455
457 458 5.948108943185221
458 457 5.948108943185221
458 459 1.3336041391657432
458 483 90.82791696389386
459 434 19.827561625172166
459 458 1.3336041391657432
459 460 5.211381774539264
460 459 5.211381774539264
460 461 18.970042171803417
460 485 82.10017904974387
461 436 25.407605160660065
461 460 18.970042171803417
461 462 4.4658929678173
462 461 4.4658929678173
462 463 11.2314736343901
462 487 37.951554645363345
463 438 34.30981346495489
463 462 11.2314736343901
463 464 24.555962616032797
464 463 24.555962616032797
464 465 20.52492143712127
464 489 61.07708653824281
465 440 49.20505360224699
465 464 20.52492143712127
465 466 9.31002148225234
466 465 9.31002148225234
466 467 9.99912996215171
466 491 44.177203397227395
467 442 67.3290138053425
467 466 9.99912996215171
467 468 20.46314003275158
468 467 20.46314003275158
468 469 7.2362559379834
468 493 39.9240090672267
469 444 52.95212365901862
469 468 7.2362559379834
469 470 7.642944458780254
470 469 7.642944458780254
470 471 3.244996147917595
470 495 33.44039622970997
471 446 36.69081628963848
471 470 3.244996147917595
471 472 2.2588713996153023
472 471 2.2588713996153023
472 473 19.554891971064418
472 497 33.52826866988512
473 448 45.17765930191602
473 472 19.554891971064418
473 474 18.954284476075596
474 473 18.954284476075596
474 499 71.93855433632233
475 476 8.118084749496028
475 500 73.72004476395819
476 451 74.20267448010212
476 475 8.118084749496028
476 477 19.082088460124076
477 476 19.082088460124076
477 478 47.85626813699537
477 502 97.75499680323253
478 453 143.6143530431412
478 477 47.85626813699537
478 479 22.09261415043499
479 478 22.09261415043499
479 480 10.130992054088287
479 504 123.06355106204272
480 455 111.72807883428408
480 479 10.130992054088287
480 481 24.909325562929236
481 480 24.909325562929236
481 482 9.701669959342068
481 506 91.95835252982732
482 457 89.08624865825253
482 481 9.701669959342068
482 483 2.8579713084634046
483 482 2.8579713084634046
483 484 7.551536267541843
483 508 92.4400503028855
484 459 98.33308344601016
484 483 7.551536267541843
484 485 11.403946685248913
485 484 11.403946685248913
485 486 103.00120630361569
485 510 78.45400435924223
486 461 32.38464142151338
486 485 103.00120630361569
486 487 3.136510800236464
487 486 3.136510800236464
487 488 5.585785531149584
487 512 26.228267194002736
488 463 41.6241240148066
488 487 5.585785531149584
488 489 3.00088320332531
489 488 3.00088320332531
489 490 1.999699977496631
489 514 15.370003253090097
490 465 39.41688597542935
490 489 1.999699977496631
490 491 4.151204644437562
491 490 4.151204644437562
491 492 2.249644416346726
491 516 7.048545949343024
492 467 55.518836443138824
492 491 2.249644416346726
492 493 4.989308569331026
493 492 4.989308569331026
493 494 2.116246677492964
493 518 7.941416750177513
494 469 40.09116860357153
494 493 2.116246677492964
494 495 1.808673547105724
495 494 1.808673547105724
495 496 1.167090399240779
495 520 13.21299738893488
496 471 30.907927785602197
496 495 1.167090399240779
496 497 0.9095603333479348
497 496 0.9095603333479348
497 498 1.9771696942852441
497 522 11.758537324004209
498 473 53.141812163305076
498 497 1.9771696942852441
498 499 1.0855873986004083
499 498 1.0855873986004083
499 524 16.380305247461052
500 501 0.8937561188601718
500 525 18.059955703157193
501 476 80.82147301305513
501 500 0.8937561188601718
501 502 8.328313154534955
502 501 8.328313154534955
502 503 2.9896488088068143
502 527 23.272515979154466
503 478 144.75106700815712
503 502 2.9896488088068143
503 504 0.3712142238654163
504 503 0.3712142238654163
504 505 7.61042048772602
504 529 27.697628057290387
505 480 115.14400418606257
505 504 7.61042048772602
505 506 1.7219175357722538
506 505 1.7219175357722538
506 507 3.2593557645645235
506 531 35.84515727403076
507 482 99.40834974990783
507 506 3.2593557645645235
507 508 4.379326432226765
508 507 4.379326432226765
508 509 12.955130257932572
508 533 29.345967354987636
509 484 87.21507323851766
509 508 12.955130257932572
509 510 3.650342449688797
510 509 3.650342449688797
510 511 3.860012953346141
510 535 12.810776713376907
511 486 27.713051077064755
511 510 3.860012953346141
511 512 1.3647344063956155
512 511 1.3647344063956155
512 513 4.292889469809351
512 537 17.893155115853656
513 488 20.589329760825144
513 512 4.292889469809351
513 514 4.957620396924316
514 513 4.957620396924316
514 515 1.1065260954898462
514 539 30.446099914438953
515 490 13.889744418094955
515 514 1.1065260954898462
515 516 4.340103685397389
516 515 4.340103685397389
516 517 2.0702173798903343
516 541 29.618820030514378
517 492 4.721493407810709
517 516 2.0702173798903343
517 518 1.5120846537148673
518 517 1.5120846537148673
518 519 3.610055401236938
518 543 38.4323210332137
519 494 9.282849777950734
519 518 3.610055401236938
519 520 3.3021962388689134
520 519 3.3021962388689134
520 521 2.5899034731047386
520 545 37.60909597424537
521 496 15.225518053583594
521 520 2.5899034731047386
521 522 4.3900455578501685
522 521 4.3900455578501685
522 523 4.144212832372389
522 547 27.683529399265552
523 498 12.674261319698275
523 522 4.144212832372389
523 524 3.8997948664000313
524 523 3.8997948664000313
524 549 36.201994420197344
525 526 4.7988540298700455
525 550 22.87882864134438
526 501 21.94794295600387
526 525 4.7988540298700455
526 527 6.43864892659943
527 526 6.43864892659943
527 528 3.3967631651323553
527 552 30.320455141702613
528 503 26.370627599660956
528 527 3.3967631651323553
528 529 4.290314673773943
529 528 4.290314673773943
529 530 4.8510308182900745
529 554 22.27140318884286
530 505 31.449108095461156
530 529 4.8510308182900745
